[0.0, 0.0, 1, 1, 0.0]
[0.0, -6.283185, 1, 1, 0.0]
[-0.0, 3.141593, 1, 1, 0.0]
[-0.0, 12.566371, 1, 1, 0.0]
[-0.0, 6.283185, 1, 1, 0.0]
[-6.283185, 0.0, 1, 1, 0.0]
[-9.424778, -9.424778, 1, 1, 0.0]
[3.141593, 6.283185, 1, 1, 0.0]
[2.094395, 4.18879, 1, 1, 0.0]
[-6.283185, 6.283185, 1, 1, 0.0]
[3.141593, 0.0, 1, 1, 0.0]
[6.283185, 3.141593, 1, 1, 0.0]
[3.141593, 3.141593, 1, 1, 0.0]
[4.18879, 2.094395, 1, 1, 0.0]
[12.566371, -0.0, 1, 1, 0.0]
[15.707963, 15.707963, 1, 1, 0.0]
[6.283185, 6.283185, 1, 1, 0.0]
[12.566371, 6.283185, 1, 1, 0.0]
[6.283185, 0.0, 1, 1, 0.0]
[6.283185, -6.283185, 1, 1, 0.0]
[6.283185, 12.566371, 1, 1, 0.0]
--------------------------------------------------------[0.0, 0.0, 1, 1, 1.0471975511965976]
[0.0, 427.23771, 1, 1, 1.0471975511965976]
[0.0, 4.18879, 1, 1, 1.0471975511965976]
[-0.0, 6.283185, 1, 1, 1.0471975511965976]
[27.227136, 27.227136, 1, 1, 1.0471975511965976]
[2.094395, 2.094395, 1, 1, 1.0471975511965976]
[2.094395, 4.18879, 1, 1, 1.0471975511965976]
[-1503802.910648, 4.188763, 1, 1, 1.0471975511965976]
[0.001821, 12097758.091557, 1, 1, 1.0471975511965976]
[2.09429, -3392647.794636, 1, 1, 1.0471975511965976]
[7291655.403169, 4.191007, 1, 1, 1.0471975511965976]
[93.328793, 643.500398, 1, 1, 1.0471975511965976]
[1868.200431, 1399.055928, 1, 1, 1.0471975511965976]
[4.18879, 0.0, 1, 1, 1.0471975511965976]
[4.18879, 2.094395, 1, 1, 1.0471975511965976]
[-24369813.838273, 2.090242, 1, 1, 1.0471975511965976]
[2.094378, 17339377.672458, 1, 1, 1.0471975511965976]
[444.011762, 446.106157, 1, 1, 1.0471975511965976]
[4.18879, 6.283185, 1, 1, 1.0471975511965976]
[4.188695, 397744.47953, 1, 1, 1.0471975511965976]
[5908466.605255, 2.093396, 1, 1, 1.0471975511965976]
[27.227136, 29.321531, 1, 1, 1.0471975511965976]
[379.085514, 379.085514, 1, 1, 1.0471975511965976]
[4.283099, 70780914.061542, 1, 1, 1.0471975511965976]
[29.321531, 27.227136, 1, 1, 1.0471975511965976]
[6.283185, 4.18879, 1, 1, 1.0471975511965976]
[6.283185, 6.283185, 1, 1, 1.0471975511965976]
[28498566.106092, 6.290047, 1, 1, 1.0471975511965976]
[6.283185, 0.0, 1, 1, 1.0471975511965976]
[-893751.693989, 0.000313, 1, 1, 1.0471975511965976]
[446.106157, 444.011762, 1, 1, 1.0471975511965976]
[6.283548, 7685190.143487, 1, 1, 1.0471975511965976]
[471.238898, 596.902604, 1, 1, 1.0471975511965976]
--------------------------------------------------------[0.0, 0.0, 1, 1, 2.0943951023931953]
[-0.0, 2.094395, 1, 1, 2.0943951023931953]
[1e-06, 862.94494, 1, 1, 2.0943951023931953]
[-0.0, 6.283185, 1, 1, 2.0943951023931953]
[0.148198, -67150763.855385, 1, 1, 2.0943951023931953]
[-753.982237, -751.887842, 1, 1, 2.0943951023931953]
[2.094395, 4.18879, 1, 1, 2.0943951023931953]
[2.094395, 6.283185, 1, 1, 2.0943951023931953]
[-19370029.860175, 6.283611, 1, 1, 2.0943951023931953]
[2.094395, -0.0, 1, 1, 2.0943951023931953]
[7896300.980695, 0.001293, 1, 1, 2.0943951023931953]
[222.005881, 224.100276, 1, 1, 2.0943951023931953]
[2.093748, 14187179.001589, 1, 1, 2.0943951023931953]
[581.624419, 767.751801, 1, 1, 2.0943951023931953]
[224.100276, 222.005881, 1, 1, 2.0943951023931953]
[4.18879, 2.094395, 1, 1, 2.0943951023931953]
[4.18879, 4.18879, 1, 1, 2.0943951023931953]
[-24340278.668759, 4.1887, 1, 1, 2.0943951023931953]
[2.094481, -1273545.113224, 1, 1, 2.0943951023931953]
[-751.887842, -753.982237, 1, 1, 2.0943951023931953]
[4.188438, -16984821.713885, 1, 1, 2.0943951023931953]
[59950124.593548, 4.188471, 1, 1, 2.0943951023931953]
[345.575192, 0.0, 1, 1, 2.0943951023931953]
[-228.289066, 1296.430568, 1, 1, 2.0943951023931953]
[6.283185, 0.0, 1, 1, 2.0943951023931953]
[6.283185, 2.094395, 1, 1, 2.0943951023931953]
[14187179.001693, 2.093875, 1, 1, 2.0943951023931953]
[4.190394, 68085077.704887, 1, 1, 2.0943951023931953]
[-226.194671, -226.194671, 1, 1, 2.0943951023931953]
[6.283185, 6.283185, 1, 1, 2.0943951023931953]
[8.3702, -49653514.870769, 1, 1, 2.0943951023931953]
[11937009.074901, 2.094582, 1, 1, 2.0943951023931953]
[1189.616418, -1174.955652, 1, 1, 2.0943951023931953]
--------------------------------------------------------[0.0, 0.0, 1, 1, 3.141592653589793]
[0.0, -6.283185, 1, 1, 3.141592653589793]
[-0.0, 3.141593, 1, 1, 3.141592653589793]
[-0.0, 12.566371, 1, 1, 3.141592653589793]
[-0.0, 6.283185, 1, 1, 3.141592653589793]
[-6.283185, 0.0, 1, 1, 3.141592653589793]
[-9.424778, -9.424778, 1, 1, 3.141592653589793]
[3.141593, 6.283185, 1, 1, 3.141592653589793]
[2.094395, 4.18879, 1, 1, 3.141592653589793]
[-6.283185, 6.283185, 1, 1, 3.141592653589793]
[3.141593, 0.0, 1, 1, 3.141592653589793]
[6.283185, 3.141593, 1, 1, 3.141592653589793]
[3.141593, 3.141593, 1, 1, 3.141592653589793]
[4.18879, 2.094395, 1, 1, 3.141592653589793]
[12.566371, -0.0, 1, 1, 3.141592653589793]
[15.707963, 15.707963, 1, 1, 3.141592653589793]
[6.283185, 6.283185, 1, 1, 3.141592653589793]
[12.566371, 6.283185, 1, 1, 3.141592653589793]
[6.283185, 0.0, 1, 1, 3.141592653589793]
[6.283185, -6.283185, 1, 1, 3.141592653589793]
[6.283185, 12.566371, 1, 1, 3.141592653589793]
--------------------------------------------------------