[0.0, 0.0, 0, 2, 0.0]
[0.0, 3.14159, 0, 2, 0.0]
[0.0, 6.28319, 0, 2, 0.0]
[3.14159, 3.14159, 0, 2, 0.0]
[3.14159, 0.0, 0, 2, 0.0]
[3.14159, 6.28319, 0, 2, 0.0]
[3.14159, -3.14159, 0, 2, 0.0]
[-3.14159, 6.28319, 0, 2, 0.0]
[-6.28319, 3.14159, 0, 2, 0.0]
[6.28319, 3.14159, 0, 2, 0.0]
[6.28319, 6.28319, 0, 2, 0.0]
[6.28319, 0.0, 0, 2, 0.0]
[0.0, 0.0, 0, 2, 3.141592653589793]
[0.0, 3.14159, 0, 2, 3.141592653589793]
[0.0, 6.28319, 0, 2, 3.141592653589793]
[3.14159, 3.14159, 0, 2, 3.141592653589793]
[3.14159, 0.0, 0, 2, 3.141592653589793]
[3.14159, 6.28319, 0, 2, 3.141592653589793]
[3.14159, -3.14159, 0, 2, 3.141592653589793]
[-3.14159, 6.28319, 0, 2, 3.141592653589793]
[-6.28319, 3.14159, 0, 2, 3.141592653589793]
[6.28319, 3.14159, 0, 2, 3.141592653589793]
[6.28319, 6.28319, 0, 2, 3.141592653589793]
[6.28319, 0.0, 0, 2, 3.141592653589793]
[0.0, 0.0, 0, 2, 6.283185307179586]
[0.0, 3.14159, 0, 2, 6.283185307179586]
[0.0, 6.28319, 0, 2, 6.283185307179586]
[3.14159, 3.14159, 0, 2, 6.283185307179586]
[3.14159, 0.0, 0, 2, 6.283185307179586]
[3.14159, 6.28319, 0, 2, 6.283185307179586]
[3.14159, -3.14159, 0, 2, 6.283185307179586]
[-3.14159, 6.28319, 0, 2, 6.283185307179586]
[-6.28319, 3.14159, 0, 2, 6.283185307179586]
[6.28319, 3.14159, 0, 2, 6.283185307179586]
[6.28319, 6.28319, 0, 2, 6.283185307179586]
[6.28319, 0.0, 0, 2, 6.283185307179586]
[0.0, 0.0, 0, 1, 0.0]
[0.0, 3.14159, 0, 1, 0.0]
[0.0, 6.28319, 0, 1, 0.0]
[3.14159, 3.14159, 0, 1, 0.0]
[-6.28319, -0.0, 0, 1, 0.0]
[3.14159, 6.28319, 0, 1, 0.0]
[6.28319, 6.28319, 0, 1, 0.0]
[-6.28319, 6.28319, 0, 1, 0.0]
[3.14159, 0.0, 0, 1, 0.0]
[6.28319, 3.14159, 0, 1, 0.0]
[6.28319, 0.0, 0, 1, 0.0]
[0.0, 0.0, 0, 1, 3.141592653589793]
[0.0, 3.14159, 0, 1, 3.141592653589793]
[0.0, 6.28319, 0, 1, 3.141592653589793]
[3.14159, 3.14159, 0, 1, 3.141592653589793]
[-6.28319, 0.0, 0, 1, 3.141592653589793]
[3.14159, 6.28319, 0, 1, 3.141592653589793]
[6.28319, 6.28319, 0, 1, 3.141592653589793]
[-6.28319, 6.28319, 0, 1, 3.141592653589793]
[3.14159, 0.0, 0, 1, 3.141592653589793]
[6.28319, 3.14159, 0, 1, 3.141592653589793]
[6.28319, 0.0, 0, 1, 3.141592653589793]
[0.0, 0.0, 0, 1, 6.283185307179586]
[0.0, 3.14159, 0, 1, 6.283185307179586]
[0.0, 6.28319, 0, 1, 6.283185307179586]
[3.14159, 3.14159, 0, 1, 6.283185307179586]
[-6.28319, 0.0, 0, 1, 6.283185307179586]
[3.14159, 6.28319, 0, 1, 6.283185307179586]
[6.28319, 6.28319, 0, 1, 6.283185307179586]
[-6.28319, 6.28319, 0, 1, 6.283185307179586]
[3.14159, 0.0, 0, 1, 6.283185307179586]
[6.28319, 3.14159, 0, 1, 6.283185307179586]
[6.28319, 0.0, 0, 1, 6.283185307179586]
[0.0, 0.0, 0, 0, 0.0]
[0.0, 3.14159, 0, 0, 0.0]
[0.0, 6.28319, 0, 0, 0.0]
[3.14159, 3.14159, 0, 0, 0.0]
[6.28319, 3.14159, 0, 0, 0.0]
[3.14159, 6.28319, 0, 0, 0.0]
[-6.28319, -0.0, 0, 0, 0.0]
[-6.28319, 6.28319, 0, 0, 0.0]
[3.14159, 0.0, 0, 0, 0.0]
[6.28319, -0.0, 0, 0, 0.0]
[-3.14159, 3.14159, 0, 0, 0.0]
[6.28319, 6.28319, 0, 0, 0.0]
[0.0, 0.0, 0, 0, 3.141592653589793]
[0.0, 3.14159, 0, 0, 3.141592653589793]
[0.0, 6.28319, 0, 0, 3.141592653589793]
[3.14159, 3.14159, 0, 0, 3.141592653589793]
[6.28319, 3.14159, 0, 0, 3.141592653589793]
[3.14159, 6.28319, 0, 0, 3.141592653589793]
[-6.28319, -0.0, 0, 0, 3.141592653589793]
[-6.28319, 6.28319, 0, 0, 3.141592653589793]
[3.14159, 0.0, 0, 0, 3.141592653589793]
[6.28319, -0.0, 0, 0, 3.141592653589793]
[-3.14159, 3.14159, 0, 0, 3.141592653589793]
[6.28319, 6.28319, 0, 0, 3.141592653589793]
[0.0, 0.0, 0, 0, 6.283185307179586]
[0.0, 3.14159, 0, 0, 6.283185307179586]
[0.0, 6.28319, 0, 0, 6.283185307179586]
[3.14159, 3.14159, 0, 0, 6.283185307179586]
[6.28319, 3.14159, 0, 0, 6.283185307179586]
[3.14159, 6.28319, 0, 0, 6.283185307179586]
[-6.28319, -0.0, 0, 0, 6.283185307179586]
[-6.28319, 6.28319, 0, 0, 6.283185307179586]
[3.14159, 0.0, 0, 0, 6.283185307179586]
[6.28319, -0.0, 0, 0, 6.283185307179586]
[-3.14159, 3.14159, 0, 0, 6.283185307179586]
[6.28319, 6.28319, 0, 0, 6.283185307179586]
[0.0, 0.0, 1, 2, 0.0]
[-0.0, 3.14159, 1, 2, 0.0]
[0.0, 6.28319, 1, 2, 0.0]
[-3.14159, 3.14159, 1, 2, 0.0]
[3.14159, 0.0, 1, 2, 0.0]
[3.14159, 3.14159, 1, 2, 0.0]
[3.14159, 6.28319, 1, 2, 0.0]
[3.14159, -6.28319, 1, 2, 0.0]
[6.28319, 3.14159, 1, 2, 0.0]
[6.28319, 0.0, 1, 2, 0.0]
[6.28319, -3.14159, 1, 2, 0.0]
[6.28319, 6.28319, 1, 2, 0.0]
[0.0, 0.0, 1, 2, 3.141592653589793]
[0.0, 3.14159, 1, 2, 3.141592653589793]
[-0.0, 6.28319, 1, 2, 3.141592653589793]
[-3.14159, 3.14159, 1, 2, 3.141592653589793]
[3.14159, 0.0, 1, 2, 3.141592653589793]
[3.14159, 3.14159, 1, 2, 3.141592653589793]
[3.14159, 6.28319, 1, 2, 3.141592653589793]
[3.14159, -6.28319, 1, 2, 3.141592653589793]
[6.28319, 3.14159, 1, 2, 3.141592653589793]
[6.28319, 0.0, 1, 2, 3.141592653589793]
[6.28319, -3.14159, 1, 2, 3.141592653589793]
[6.28319, 6.28319, 1, 2, 3.141592653589793]
[0.0, 0.0, 1, 2, 6.283185307179586]
[0.0, 3.14159, 1, 2, 6.283185307179586]
[-0.0, 6.28319, 1, 2, 6.283185307179586]
[-3.14159, 3.14159, 1, 2, 6.283185307179586]
[3.14159, 0.0, 1, 2, 6.283185307179586]
[3.14159, 3.14159, 1, 2, 6.283185307179586]
[3.14159, 6.28319, 1, 2, 6.283185307179586]
[3.14159, -6.28319, 1, 2, 6.283185307179586]
[6.28319, 3.14159, 1, 2, 6.283185307179586]
[6.28319, 0.0, 1, 2, 6.283185307179586]
[6.28319, -3.14159, 1, 2, 6.283185307179586]
[6.28319, 6.28319, 1, 2, 6.283185307179586]
[0.0, 0.0, 1, 1, 0.0]
[0.0, 3.14159, 1, 1, 0.0]
[-0.0, 6.28319, 1, 1, 0.0]
[2.0944, 4.18879, 1, 1, 0.0]
[3.14159, 6.28319, 1, 1, 0.0]
[3.14159, 0.0, 1, 1, 0.0]
[3.14159, 3.14159, 1, 1, 0.0]
[4.18879, 2.0944, 1, 1, 0.0]
[-3.14159, 3.14159, 1, 1, 0.0]
[3.14159, -3.14159, 1, 1, 0.0]
[6.28319, 6.28319, 1, 1, 0.0]
[6.28319, 0.0, 1, 1, 0.0]
[6.28319, 3.14159, 1, 1, 0.0]
[0.0, 0.0, 1, 1, 3.141592653589793]
[0.0, 3.14159, 1, 1, 3.141592653589793]
[0.0, 6.28319, 1, 1, 3.141592653589793]
[2.0944, 4.18879, 1, 1, 3.141592653589793]
[3.14159, 6.28319, 1, 1, 3.141592653589793]
[3.14159, 0.0, 1, 1, 3.141592653589793]
[3.14159, 3.14159, 1, 1, 3.141592653589793]
[4.18879, 2.0944, 1, 1, 3.141592653589793]
[-3.14159, 3.14159, 1, 1, 3.141592653589793]
[3.14159, -3.14159, 1, 1, 3.141592653589793]
[6.28319, 6.28319, 1, 1, 3.141592653589793]
[6.28319, 0.0, 1, 1, 3.141592653589793]
[6.28319, 3.14159, 1, 1, 3.141592653589793]
[0.0, 0.0, 1, 1, 6.283185307179586]
[-0.0, 3.14159, 1, 1, 6.283185307179586]
[-0.0, 6.28319, 1, 1, 6.283185307179586]
[2.0944, 4.18879, 1, 1, 6.283185307179586]
[3.14159, 6.28319, 1, 1, 6.283185307179586]
[3.14159, 0.0, 1, 1, 6.283185307179586]
[3.14159, 3.14159, 1, 1, 6.283185307179586]
[4.18879, 2.0944, 1, 1, 6.283185307179586]
[-3.14159, 3.14159, 1, 1, 6.283185307179586]
[3.14159, -3.14159, 1, 1, 6.283185307179586]
[6.28319, 6.28319, 1, 1, 6.283185307179586]
[6.28319, 0.0, 1, 1, 6.283185307179586]
[6.28319, 3.14159, 1, 1, 6.283185307179586]
[0.0, 0.0, 1, 0, 0.0]
[0.0, 3.14159, 1, 0, 0.0]
[0.0, 6.28319, 1, 0, 0.0]
[-6.28319, -3.14159, 1, 0, 0.0]
[3.14159, 6.28319, 1, 0, 0.0]
[-6.28319, 0.0, 1, 0, 0.0]
[-6.28319, 6.28319, 1, 0, 0.0]
[3.14159, 0.0, 1, 0, 0.0]
[3.14159, 3.14159, 1, 0, 0.0]
[6.28319, 3.14159, 1, 0, 0.0]
[-3.14159, -3.14159, 1, 0, 0.0]
[6.28319, 6.28319, 1, 0, 0.0]
[6.28319, 0.0, 1, 0, 0.0]
[0.0, 0.0, 1, 0, 3.141592653589793]
[-0.0, 3.14159, 1, 0, 3.141592653589793]
[0.0, 6.28319, 1, 0, 3.141592653589793]
[-6.28319, -3.14159, 1, 0, 3.141592653589793]
[3.14159, 6.28319, 1, 0, 3.141592653589793]
[-6.28319, -0.0, 1, 0, 3.141592653589793]
[-6.28319, 6.28319, 1, 0, 3.141592653589793]
[3.14159, 0.0, 1, 0, 3.141592653589793]
[3.14159, 3.14159, 1, 0, 3.141592653589793]
[6.28319, 3.14159, 1, 0, 3.141592653589793]
[-3.14159, -3.14159, 1, 0, 3.141592653589793]
[6.28319, 6.28319, 1, 0, 3.141592653589793]
[6.28319, 0.0, 1, 0, 3.141592653589793]
[0.0, 0.0, 1, 0, 6.283185307179586]
[-0.0, 3.14159, 1, 0, 6.283185307179586]
[-0.0, 6.28319, 1, 0, 6.283185307179586]
[-6.28319, -3.14159, 1, 0, 6.283185307179586]
[3.14159, 6.28319, 1, 0, 6.283185307179586]
[-6.28319, 0.0, 1, 0, 6.283185307179586]
[-6.28319, 6.28319, 1, 0, 6.283185307179586]
[3.14159, 0.0, 1, 0, 6.283185307179586]
[3.14159, 3.14159, 1, 0, 6.283185307179586]
[6.28319, 3.14159, 1, 0, 6.283185307179586]
[-3.14159, -3.14159, 1, 0, 6.283185307179586]
[6.28319, 6.28319, 1, 0, 6.283185307179586]
[6.28319, 0.0, 1, 0, 6.283185307179586]
[0.0, 0.0, 2, 2, 0.0]
[-0.0, 3.14159, 2, 2, 0.0]
[-0.0, 6.28319, 2, 2, 0.0]
[-3.64695, -4.96507, 2, 2, 0.0]
[-0.0, -6.28319, 2, 2, 0.0]
[-3.64695, 1.31812, 2, 2, 0.0]
[-3.14159, -0.0, 2, 2, 0.0]
[3.14159, 0.0, 2, 2, 0.0]
[2.63623, 1.31812, 2, 2, 0.0]
[3.14159, 3.14159, 2, 2, 0.0]
[3.14159, 6.28319, 2, 2, 0.0]
[3.64695, 4.96507, 2, 2, 0.0]
[-2.63623, -1.31812, 2, 2, 0.0]
[6.28319, -0.0, 2, 2, 0.0]
[6.28319, 6.28319, 2, 2, 0.0]
[6.28319, 3.14159, 2, 2, 0.0]
[0.0, 0.0, 2, 2, 3.141592653589793]
[0.0, 3.14159, 2, 2, 3.141592653589793]
[-0.0, 6.28319, 2, 2, 3.141592653589793]
[-3.64695, -4.96507, 2, 2, 3.141592653589793]
[-0.0, -6.28319, 2, 2, 3.141592653589793]
[-3.64695, 1.31812, 2, 2, 3.141592653589793]
[-3.14159, -0.0, 2, 2, 3.141592653589793]
[3.14159, -0.0, 2, 2, 3.141592653589793]
[2.63623, 1.31812, 2, 2, 3.141592653589793]
[3.14159, 3.14159, 2, 2, 3.141592653589793]
[3.14159, 6.28319, 2, 2, 3.141592653589793]
[3.64695, 4.96507, 2, 2, 3.141592653589793]
[-2.63623, -1.31812, 2, 2, 3.141592653589793]
[6.28319, -0.0, 2, 2, 3.141592653589793]
[6.28319, 6.28319, 2, 2, 3.141592653589793]
[6.28319, 3.14159, 2, 2, 3.141592653589793]
[0.0, 0.0, 2, 2, 6.283185307179586]
[-0.0, 3.14159, 2, 2, 6.283185307179586]
[0.0, 6.28319, 2, 2, 6.283185307179586]
[-3.64695, -4.96507, 2, 2, 6.283185307179586]
[0.0, -6.28319, 2, 2, 6.283185307179586]
[-3.64695, 1.31812, 2, 2, 6.283185307179586]
[-3.14159, -0.0, 2, 2, 6.283185307179586]
[3.14159, 0.0, 2, 2, 6.283185307179586]
[2.63623, 1.31812, 2, 2, 6.283185307179586]
[3.64695, 4.96507, 2, 2, 6.283185307179586]
[3.14159, 3.14159, 2, 2, 6.283185307179586]
[3.14159, 6.28319, 2, 2, 6.283185307179586]
[-2.63623, -1.31812, 2, 2, 6.283185307179586]
[6.28319, -0.0, 2, 2, 6.283185307179586]
[6.28319, 6.28319, 2, 2, 6.283185307179586]
[6.28319, 3.14159, 2, 2, 6.283185307179586]
[0.0, 0.0, 2, 1, 0.0]
[-0.0, -6.28319, 2, 1, 0.0]
[0.0, 3.14159, 2, 1, 0.0]
[-0.0, 6.28319, 2, 1, 0.0]
[3.14159, 3.14159, 2, 1, 0.0]
[3.14159, 6.28319, 2, 1, 0.0]
[3.14159, 0.0, 2, 1, 0.0]
[6.28319, 3.14159, 2, 1, 0.0]
[6.28319, 0.0, 2, 1, 0.0]
[6.28319, 6.28319, 2, 1, 0.0]
[6.28319, -6.28319, 2, 1, 0.0]
[0.0, 0.0, 2, 1, 3.141592653589793]
[-0.0, -6.28319, 2, 1, 3.141592653589793]
[-0.0, 3.14159, 2, 1, 3.141592653589793]
[0.0, 6.28319, 2, 1, 3.141592653589793]
[3.14159, 3.14159, 2, 1, 3.141592653589793]
[3.14159, 6.28319, 2, 1, 3.141592653589793]
[3.14159, 0.0, 2, 1, 3.141592653589793]
[6.28319, 3.14159, 2, 1, 3.141592653589793]
[6.28319, 0.0, 2, 1, 3.141592653589793]
[6.28319, 6.28319, 2, 1, 3.141592653589793]
[6.28319, -6.28319, 2, 1, 3.141592653589793]
[0.0, 0.0, 2, 1, 6.283185307179586]
[0.0, -6.28319, 2, 1, 6.283185307179586]
[0.0, 3.14159, 2, 1, 6.283185307179586]
[0.0, 6.28319, 2, 1, 6.283185307179586]
[3.14159, 3.14159, 2, 1, 6.283185307179586]
[3.14159, 6.28319, 2, 1, 6.283185307179586]
[3.14159, 0.0, 2, 1, 6.283185307179586]
[6.28319, 3.14159, 2, 1, 6.283185307179586]
[6.28319, 0.0, 2, 1, 6.283185307179586]
[6.28319, 6.28319, 2, 1, 6.283185307179586]
[6.28319, -6.28319, 2, 1, 6.283185307179586]
[0.0, 0.0, 2, 0, 0.0]
[0.0, -6.28319, 2, 0, 0.0]
[-0.0, 3.14159, 2, 0, 0.0]
[-0.0, 6.28319, 2, 0, 0.0]
[3.14159, 0.0, 2, 0, 0.0]
[3.14159, 3.14159, 2, 0, 0.0]
[6.28319, 3.14159, 2, 0, 0.0]
[3.14159, 6.28319, 2, 0, 0.0]
[-3.14159, -6.28319, 2, 0, 0.0]
[-3.14159, -3.14159, 2, 0, 0.0]
[6.28319, 6.28319, 2, 0, 0.0]
[6.28319, 0.0, 2, 0, 0.0]
[6.28319, -6.28319, 2, 0, 0.0]
[0.0, 0.0, 2, 0, 3.141592653589793]
[0.0, -6.28319, 2, 0, 3.141592653589793]
[-0.0, 3.14159, 2, 0, 3.141592653589793]
[-0.0, 6.28319, 2, 0, 3.141592653589793]
[3.14159, 0.0, 2, 0, 3.141592653589793]
[3.14159, 3.14159, 2, 0, 3.141592653589793]
[6.28319, 3.14159, 2, 0, 3.141592653589793]
[3.14159, 6.28319, 2, 0, 3.141592653589793]
[-3.14159, -6.28319, 2, 0, 3.141592653589793]
[-3.14159, -3.14159, 2, 0, 3.141592653589793]
[6.28319, 6.28319, 2, 0, 3.141592653589793]
[6.28319, 0.0, 2, 0, 3.141592653589793]
[6.28319, -6.28319, 2, 0, 3.141592653589793]
[0.0, 0.0, 2, 0, 6.283185307179586]
[0.0, -6.28319, 2, 0, 6.283185307179586]
[0.0, 3.14159, 2, 0, 6.283185307179586]
[-0.0, 6.28319, 2, 0, 6.283185307179586]
[3.14159, 0.0, 2, 0, 6.283185307179586]
[3.14159, 3.14159, 2, 0, 6.283185307179586]
[6.28319, 3.14159, 2, 0, 6.283185307179586]
[3.14159, 6.28319, 2, 0, 6.283185307179586]
[-3.14159, -6.28319, 2, 0, 6.283185307179586]
[-3.14159, -3.14159, 2, 0, 6.283185307179586]
[6.28319, 6.28319, 2, 0, 6.283185307179586]
[6.28319, 0.0, 2, 0, 6.283185307179586]
[6.28319, -6.28319, 2, 0, 6.283185307179586]
