[0.0, 0.0, 1, 1, 0.0]
[-0.0, 3.141593, 1, 1, 0.0]
[-0.0, 6.283185, 1, 1, 0.0]
[3.141593, 6.283185, 1, 1, 0.0]
[2.094395, 4.18879, 1, 1, 0.0]
[3.141593, 0.0, 1, 1, 0.0]
[6.283185, 3.141593, 1, 1, 0.0]
[3.141593, 3.141593, 1, 1, 0.0]
[4.18879, 2.094395, 1, 1, 0.0]
[6.283185, 6.283185, 1, 1, 0.0]
[6.283185, 0.0, 1, 1, 0.0]
[0.0, 0.0, 1, 1, 1.0471975511965976]
[0.0, 4.18879, 1, 1, 1.0471975511965976]
[-0.0, 6.283185, 1, 1, 1.0471975511965976]
[2.094395, 2.094395, 1, 1, 1.0471975511965976]
[2.094395, 4.18879, 1, 1, 1.0471975511965976]
[4.18879, 0.0, 1, 1, 1.0471975511965976]
[4.18879, 2.094395, 1, 1, 1.0471975511965976]
[4.18879, 6.283185, 1, 1, 1.0471975511965976]
[6.283185, 4.18879, 1, 1, 1.0471975511965976]
[6.283185, 6.283185, 1, 1, 1.0471975511965976]
[6.283185, 0.0, 1, 1, 1.0471975511965976]
[0.0, 0.0, 1, 1, 2.0943951023931953]
[-0.0, 2.094395, 1, 1, 2.0943951023931953]
[-0.0, 6.283185, 1, 1, 2.0943951023931953]
[2.094395, 4.18879, 1, 1, 2.0943951023931953]
[2.094395, 6.283185, 1, 1, 2.0943951023931953]
[2.094395, -0.0, 1, 1, 2.0943951023931953]
[4.18879, 2.094395, 1, 1, 2.0943951023931953]
[4.18879, 4.18879, 1, 1, 2.0943951023931953]
[6.283185, 0.0, 1, 1, 2.0943951023931953]
[6.283185, 2.094395, 1, 1, 2.0943951023931953]
[6.283185, 6.283185, 1, 1, 2.0943951023931953]
[0.0, 0.0, 1, 1, 3.141592653589793]
[-0.0, 3.141593, 1, 1, 3.141592653589793]
[-0.0, 6.283185, 1, 1, 3.141592653589793]
[3.141593, 6.283185, 1, 1, 3.141592653589793]
[2.094395, 4.18879, 1, 1, 3.141592653589793]
[3.141593, 0.0, 1, 1, 3.141592653589793]
[6.283185, 3.141593, 1, 1, 3.141592653589793]
[3.141593, 3.141593, 1, 1, 3.141592653589793]
[4.18879, 2.094395, 1, 1, 3.141592653589793]
[6.283185, 6.283185, 1, 1, 3.141592653589793]
[6.283185, 0.0, 1, 1, 3.141592653589793]
