[4.46368, 4.46368, 0, 8, 0.7853981633974483]
[1.81951, 1.81951, 0, 8, 2.356194490192345]
[4.46368, 4.46368, 0, 8, 3.9269908169872414]
[1.81951, 1.81951, 0, 8, 5.497787143782138]
[-2.1274, 4.15579, 0, 7, 0.7853981633974483]
[4.15579, 4.15579, 0, 7, 0.7853981633974483]
[-2e-05, 6.28317, 0, 7, 1.5707963267948966]
[2.1274, 2.1274, 0, 7, 2.356194490192345]
[-2.1274, 4.15579, 0, 7, 3.9269908169872414]
[4.15579, 4.15579, 0, 7, 3.9269908169872414]
[-5e-05, -3e-05, 0, 7, 4.71238898038469]
[-2e-05, 6.28317, 0, 7, 4.71238898038469]
[2.1274, 2.1274, 0, 7, 5.497787143782138]
[2.49809, 2.49809, 0, 6, 2.356194490192345]
[-3.78509, 2.49809, 0, 6, 2.356194490192345]
[2.49809, 2.49809, 0, 6, 5.497787143782138]
[-3.78509, 2.49809, 0, 6, 5.497787143782138]
[2.92028, 2.92028, 0, 5, 2.356194490192345]
[2.92028, 2.92028, 0, 5, 5.497787143782138]
[2.92028, 2.92028, 0, 4, 0.7853981633974483]
[2.92028, -3.36291, 0, 4, 0.7853981633974483]
[2.92028, 2.92028, 0, 4, 3.9269908169872414]
[2.92028, -3.36291, 0, 4, 3.9269908169872414]
[2.49809, 2.49809, 0, 3, 0.7853981633974483]
[2.49809, -3.78509, 0, 3, 0.7853981633974483]
[2.49809, 2.49809, 0, 3, 3.9269908169872414]
[2.49809, -3.78509, 0, 3, 3.9269908169872414]
[2.1274, 2.1274, 0, 2, 0.7853981633974483]
[4.15579, 4.15579, 0, 2, 2.356194490192345]
[2.1274, 2.1274, 0, 2, 3.9269908169872414]
[4.15579, 4.15579, 0, 2, 5.497787143782138]
[1.81951, 1.81951, 0, 1, 0.7853981633974483]
[-4.46368, 1.81951, 0, 1, 0.7853981633974483]
[-1.81951, 4.46368, 0, 1, 2.356194490192345]
[-1.81951, -1.81951, 0, 1, 2.356194490192345]
[4.46368, 4.46368, 0, 1, 2.356194490192345]
[1.81951, 1.81951, 0, 1, 3.9269908169872414]
[-4.46368, 1.81951, 0, 1, 3.9269908169872414]
[-1.81951, 4.46368, 0, 1, 5.497787143782138]
[-1.81951, -1.81951, 0, 1, 5.497787143782138]
[4.46368, 4.46368, 0, 1, 5.497787143782138]
[1.5708, 1.5708, 0, 0, 0.7853981633974483]
[4.71239, 4.71239, 0, 0, 2.356194490192345]
[-1.5708, 4.71239, 0, 0, 2.356194490192345]
[-1.5708, -1.5708, 0, 0, 2.356194490192345]
[1.5708, 1.5708, 0, 0, 3.9269908169872414]
[4.71239, 4.71239, 0, 0, 5.497787143782138]
[-1.5708, 4.71239, 0, 0, 5.497787143782138]
[-1.5708, -1.5708, 0, 0, 5.497787143782138]
[4.46368, 4.46368, 1, 8, 0.7853981633974483]
[1.81951, 1.81951, 1, 8, 2.356194490192345]
[4.46368, 4.46368, 1, 8, 3.9269908169872414]
[1.81951, 1.81951, 1, 8, 5.497787143782138]
[4.15579, 4.15579, 1, 7, 0.7853981633974483]
[2.1274, 2.1274, 1, 7, 2.356194490192345]
[4.15579, 4.15579, 1, 7, 3.9269908169872414]
[2.1274, 2.1274, 1, 7, 5.497787143782138]
[2.49809, 2.49809, 1, 6, 2.356194490192345]
[2.49809, 2.49809, 1, 6, 5.497787143782138]
[2.92028, 2.92028, 1, 5, 2.356194490192345]
[-3.36291, 2.92028, 1, 5, 2.356194490192345]
[2.92028, -3.36291, 1, 5, 2.356194490192345]
[2.92028, 2.92028, 1, 5, 5.497787143782138]
[-3.36291, 2.92028, 1, 5, 5.497787143782138]
[2.92028, -3.36291, 1, 5, 5.497787143782138]
[-1.69612, -3.39225, 1, 4, 0.0]
[4.58706, 2.89094, 1, 4, 0.0]
[-3.36291, -3.36291, 1, 4, 0.7853981633974483]
[2.92028, 2.92028, 1, 4, 0.7853981633974483]
[4.58706, 2.89094, 1, 4, 0.7853981633974483]
[4.58706, -3.39225, 1, 4, 0.7853981633974483]
[-1.69612, 2.89094, 1, 4, 1.5707963267948966]
[4.58706, 2.89094, 1, 4, 1.5707963267948966]
[4.58706, 2.89094, 1, 4, 2.356194490192345]
[-1.69612, -3.39225, 1, 4, 3.141592653589793]
[4.58706, 2.89094, 1, 4, 3.141592653589793]
[-3.36291, -3.36291, 1, 4, 3.9269908169872414]
[2.92028, 2.92028, 1, 4, 3.9269908169872414]
[4.58706, 2.89094, 1, 4, 3.9269908169872414]
[4.58706, -3.39225, 1, 4, 3.9269908169872414]
[-1.69612, 2.89094, 1, 4, 4.71238898038469]
[4.58706, 2.89094, 1, 4, 4.71238898038469]
[4.58706, 2.89094, 1, 4, 5.497787143782138]
[-1.69612, -3.39225, 1, 4, 6.283185307179586]
[4.58706, 2.89094, 1, 4, 6.283185307179586]
[2.49809, 2.49809, 1, 3, 0.7853981633974483]
[-3.78509, -3.78509, 1, 3, 0.7853981633974483]
[2.49809, 2.49809, 1, 3, 3.9269908169872414]
[-3.78509, -3.78509, 1, 3, 3.9269908169872414]
[2.1274, -4.15579, 1, 2, 0.7853981633974483]
[2.1274, 2.1274, 1, 2, 0.7853981633974483]
[4.15579, 4.15579, 1, 2, 2.356194490192345]
[-2.1274, 4.15579, 1, 2, 2.356194490192345]
[2.1274, -4.15579, 1, 2, 3.9269908169872414]
[2.1274, 2.1274, 1, 2, 3.9269908169872414]
[-5e-05, 6.28316, 1, 2, 4.71238898038469]
[4.15579, 4.15579, 1, 2, 5.497787143782138]
[-2.1274, 4.15579, 1, 2, 5.497787143782138]
[1.81951, 1.81951, 1, 1, 0.7853981633974483]
[-4.46368, -4.46368, 1, 1, 0.7853981633974483]
[-1e-05, -1e-05, 1, 1, 1.5707963267948966]
[4.46368, 4.46368, 1, 1, 2.356194490192345]
[1.81951, 1.81951, 1, 1, 3.9269908169872414]
[-4.46368, -4.46368, 1, 1, 3.9269908169872414]
[-1e-05, -1e-05, 1, 1, 4.71238898038469]
[4.46368, 4.46368, 1, 1, 5.497787143782138]
[1.5708, 1.5708, 1, 0, 0.7853981633974483]
[-4.71239, 1.5708, 1, 0, 0.7853981633974483]
[4.71239, 4.71239, 1, 0, 2.356194490192345]
[1.5708, 1.5708, 1, 0, 3.9269908169872414]
[-4.71239, 1.5708, 1, 0, 3.9269908169872414]
[4.71239, 4.71239, 1, 0, 5.497787143782138]
[-1.81951, -1.81951, 2, 8, 0.7853981633974483]
[4.46368, 4.46368, 2, 8, 0.7853981633974483]
[1.81951, 1.81951, 2, 8, 2.356194490192345]
[-1.81951, -1.81951, 2, 8, 3.9269908169872414]
[4.46368, 4.46368, 2, 8, 3.9269908169872414]
[1.81951, 1.81951, 2, 8, 5.497787143782138]
[4.15579, 4.15579, 2, 7, 0.7853981633974483]
[4.15579, -2.1274, 2, 7, 0.7853981633974483]
[6.28317, -2e-05, 2, 7, 1.5707963267948966]
[2.1274, 2.1274, 2, 7, 2.356194490192345]
[4.15579, 4.15579, 2, 7, 3.9269908169872414]
[4.15579, -2.1274, 2, 7, 3.9269908169872414]
[6.28317, -2e-05, 2, 7, 4.71238898038469]
[2.1274, 2.1274, 2, 7, 5.497787143782138]
[2.49809, 2.49809, 2, 6, 2.356194490192345]
[2.49809, 2.49809, 2, 6, 5.497787143782138]
[2.92028, 2.92028, 2, 5, 2.356194490192345]
[2.92028, 2.92028, 2, 5, 5.497787143782138]
[2.92028, 2.92028, 2, 4, 0.7853981633974483]
[2.92028, 2.92028, 2, 4, 3.9269908169872414]
[4.96507, 2.63623, 2, 3, 0.0]
[2.49809, 2.49809, 2, 3, 0.7853981633974483]
[4.96507, 2.63623, 2, 3, 0.7853981633974483]
[4.96507, 2.63623, 2, 3, 1.5707963267948966]
[-1.31812, -3.64695, 2, 3, 2.356194490192345]
[4.96507, 2.63623, 2, 3, 2.356194490192345]
[4.96507, 2.63623, 2, 3, 3.141592653589793]
[2.49809, 2.49809, 2, 3, 3.9269908169872414]
[4.96507, 2.63623, 2, 3, 3.9269908169872414]
[4.96507, 2.63623, 2, 3, 4.71238898038469]
[-1.31812, -3.64695, 2, 3, 5.497787143782138]
[4.96507, 2.63623, 2, 3, 5.497787143782138]
[4.96507, 2.63623, 2, 3, 6.283185307179586]
[2.1274, 2.1274, 2, 2, 0.7853981633974483]
[4.15579, 4.15579, 2, 2, 2.356194490192345]
[2.1274, 2.1274, 2, 2, 3.9269908169872414]
[4.15579, 4.15579, 2, 2, 5.497787143782138]
[1.81951, 1.81951, 2, 1, 0.7853981633974483]
[-4.46368, -4.46368, 2, 1, 0.7853981633974483]
[-1.81951, -1.81951, 2, 1, 2.356194490192345]
[4.46368, 4.46368, 2, 1, 2.356194490192345]
[-1.81951, 4.46368, 2, 1, 2.356194490192345]
[1.81951, 1.81951, 2, 1, 3.9269908169872414]
[-4.46368, -4.46368, 2, 1, 3.9269908169872414]
[-1.81951, -1.81951, 2, 1, 5.497787143782138]
[4.46368, 4.46368, 2, 1, 5.497787143782138]
[-1.81951, 4.46368, 2, 1, 5.497787143782138]
[1.5708, 1.5708, 2, 0, 0.7853981633974483]
[-1.5708, -1.5708, 2, 0, 2.356194490192345]
[4.71239, 4.71239, 2, 0, 2.356194490192345]
[1.5708, 1.5708, 2, 0, 3.9269908169872414]
[-6e-05, -2e-05, 2, 0, 4.71238898038469]
[-1.5708, -1.5708, 2, 0, 5.497787143782138]
[4.71239, 4.71239, 2, 0, 5.497787143782138]
[-1.81951, 4.46368, 3, 8, 0.7853981633974483]
[4.46368, 4.46368, 3, 8, 0.7853981633974483]
[6.28316, -4e-05, 3, 8, 1.5707963267948966]
[1.81951, 1.81951, 3, 8, 2.356194490192345]
[-1.81951, 4.46368, 3, 8, 3.9269908169872414]
[4.46368, 4.46368, 3, 8, 3.9269908169872414]
[6.28316, -4e-05, 3, 8, 4.71238898038469]
[1.81951, 1.81951, 3, 8, 5.497787143782138]
[4.15579, 4.15579, 3, 7, 0.7853981633974483]
[2.1274, 2.1274, 3, 7, 2.356194490192345]
[2.1274, -4.15579, 3, 7, 2.356194490192345]
[4.15579, 4.15579, 3, 7, 3.9269908169872414]
[2.1274, 2.1274, 3, 7, 5.497787143782138]
[2.1274, -4.15579, 3, 7, 5.497787143782138]
[2.49809, 2.49809, 3, 6, 2.356194490192345]
[2.49809, -3.78509, 3, 6, 2.356194490192345]
[2.49809, 2.49809, 3, 6, 5.497787143782138]
[2.49809, -3.78509, 3, 6, 5.497787143782138]
[2.92028, 2.92028, 3, 5, 2.356194490192345]
[2.92028, -3.36291, 3, 5, 2.356194490192345]
[-3.36291, 2.92028, 3, 5, 2.356194490192345]
[2.92028, 2.92028, 3, 5, 5.497787143782138]
[2.92028, -3.36291, 3, 5, 5.497787143782138]
[-3.36291, 2.92028, 3, 5, 5.497787143782138]
[2.92028, 2.92028, 3, 4, 0.7853981633974483]
[2.92028, 2.92028, 3, 4, 3.9269908169872414]
[2.0944, 4.18879, 3, 3, 0.0]
[4.18879, 2.0944, 3, 3, 0.0]
[-2.0944, 2.0944, 3, 3, 0.7853981633974483]
[2.0944, 4.18879, 3, 3, 0.7853981633974483]
[2.49809, 2.49809, 3, 3, 0.7853981633974483]
[2.0944, -2.0944, 3, 3, 0.7853981633974483]
[4.18879, 2.0944, 3, 3, 0.7853981633974483]
[-3.78509, 2.49809, 3, 3, 0.7853981633974483]
[2.49809, -3.78509, 3, 3, 0.7853981633974483]
[2.0944, 4.18879, 3, 3, 1.5707963267948966]
[4.18879, 2.0944, 3, 3, 1.5707963267948966]
[2.0944, 4.18879, 3, 3, 2.356194490192345]
[4.18879, 2.0944, 3, 3, 2.356194490192345]
[2.0944, 4.18879, 3, 3, 3.141592653589793]
[4.18879, 2.0944, 3, 3, 3.141592653589793]
[-2.0944, 2.0944, 3, 3, 3.9269908169872414]
[2.0944, 4.18879, 3, 3, 3.9269908169872414]
[2.49809, 2.49809, 3, 3, 3.9269908169872414]
[2.0944, -2.0944, 3, 3, 3.9269908169872414]
[4.18879, 2.0944, 3, 3, 3.9269908169872414]
[-3.78509, 2.49809, 3, 3, 3.9269908169872414]
[2.49809, -3.78509, 3, 3, 3.9269908169872414]
[2.0944, 4.18879, 3, 3, 4.71238898038469]
[4.18879, 2.0944, 3, 3, 4.71238898038469]
[2.0944, 4.18879, 3, 3, 5.497787143782138]
[4.18879, 2.0944, 3, 3, 5.497787143782138]
[2.0944, 4.18879, 3, 3, 6.283185307179586]
[4.18879, 2.0944, 3, 3, 6.283185307179586]
[4.96507, 2.32884, 3, 2, 0.0]
[4.96507, 2.32884, 3, 2, 0.7853981633974483]
[2.1274, 2.1274, 3, 2, 0.7853981633974483]
[-1.31812, 2.32884, 3, 2, 0.7853981633974483]
[4.96507, 2.32884, 3, 2, 1.5707963267948966]
[4.96507, 2.32884, 3, 2, 2.356194490192345]
[4.15579, 4.15579, 3, 2, 2.356194490192345]
[4.96507, 2.32884, 3, 2, 3.141592653589793]
[4.96507, 2.32884, 3, 2, 3.9269908169872414]
[2.1274, 2.1274, 3, 2, 3.9269908169872414]
[-1.31812, 2.32884, 3, 2, 3.9269908169872414]
[4.96507, 2.32884, 3, 2, 4.71238898038469]
[4.96507, 2.32884, 3, 2, 5.497787143782138]
[4.15579, 4.15579, 3, 2, 5.497787143782138]
[4.96507, 2.32884, 3, 2, 6.283185307179586]
[1.81951, 1.81951, 3, 1, 0.7853981633974483]
[-1.81951, -1.81951, 3, 1, 2.356194490192345]
[4.46368, 4.46368, 3, 1, 2.356194490192345]
[1.81951, 1.81951, 3, 1, 3.9269908169872414]
[-1.81951, -1.81951, 3, 1, 5.497787143782138]
[4.46368, 4.46368, 3, 1, 5.497787143782138]
[1.5708, 1.5708, 3, 0, 0.7853981633974483]
[-4.71239, -4.71239, 3, 0, 0.7853981633974483]
[-1.5708, 4.71239, 3, 0, 2.356194490192345]
[-1.5708, -1.5708, 3, 0, 2.356194490192345]
[4.71239, 4.71239, 3, 0, 2.356194490192345]
[1.5708, 1.5708, 3, 0, 3.9269908169872414]
[-4.71239, -4.71239, 3, 0, 3.9269908169872414]
[-1.5708, 4.71239, 3, 0, 5.497787143782138]
[-1.5708, -1.5708, 3, 0, 5.497787143782138]
[4.71239, 4.71239, 3, 0, 5.497787143782138]
[4.46368, 4.46368, 4, 8, 0.7853981633974483]
[1.81951, 1.81951, 4, 8, 2.356194490192345]
[4.46368, 4.46368, 4, 8, 3.9269908169872414]
[1.81951, 1.81951, 4, 8, 5.497787143782138]
[4.15579, 4.15579, 4, 7, 0.7853981633974483]
[4.15579, -2.1274, 4, 7, 0.7853981633974483]
[2.1274, 2.1274, 4, 7, 2.356194490192345]
[4.15579, 4.15579, 4, 7, 3.9269908169872414]
[4.15579, -2.1274, 4, 7, 3.9269908169872414]
[2.1274, 2.1274, 4, 7, 5.497787143782138]
[2.49809, 2.49809, 4, 6, 2.356194490192345]
[-3.78509, 2.49809, 4, 6, 2.356194490192345]
[2.49809, 2.49809, 4, 6, 5.497787143782138]
[-3.78509, 2.49809, 4, 6, 5.497787143782138]
[2.92028, 2.92028, 4, 5, 2.356194490192345]
[2.92028, 2.92028, 4, 5, 5.497787143782138]
[-3.39225, -1.69612, 4, 4, 0.0]
[2.89094, 4.58706, 4, 4, 0.0]
[-3.36291, -3.36291, 4, 4, 0.7853981633974483]
[-3.39225, 4.58706, 4, 4, 0.7853981633974483]
[2.92028, 2.92028, 4, 4, 0.7853981633974483]
[2.89094, 4.58706, 4, 4, 0.7853981633974483]
[2.89094, 4.58706, 4, 4, 1.5707963267948966]
[2.89094, -1.69612, 4, 4, 1.5707963267948966]
[2.89094, 4.58706, 4, 4, 2.356194490192345]
[-3.39225, -1.69612, 4, 4, 3.141592653589793]
[2.89094, 4.58706, 4, 4, 3.141592653589793]
[-3.36291, -3.36291, 4, 4, 3.9269908169872414]
[-3.39225, 4.58706, 4, 4, 3.9269908169872414]
[2.92028, 2.92028, 4, 4, 3.9269908169872414]
[2.89094, 4.58706, 4, 4, 3.9269908169872414]
[2.89094, 4.58706, 4, 4, 4.71238898038469]
[2.89094, -1.69612, 4, 4, 4.71238898038469]
[2.89094, 4.58706, 4, 4, 5.497787143782138]
[-3.39225, -1.69612, 4, 4, 6.283185307179586]
[2.89094, 4.58706, 4, 4, 6.283185307179586]
[2.63623, 4.96507, 4, 3, 0.0]
[2.49809, 2.49809, 4, 3, 0.7853981633974483]
[2.63623, 4.96507, 4, 3, 0.7853981633974483]
[2.63623, 4.96507, 4, 3, 1.5707963267948966]
[-3.64695, -1.31812, 4, 3, 2.356194490192345]
[2.63623, 4.96507, 4, 3, 2.356194490192345]
[2.63623, 4.96507, 4, 3, 3.141592653589793]
[2.49809, 2.49809, 4, 3, 3.9269908169872414]
[2.63623, 4.96507, 4, 3, 3.9269908169872414]
[2.63623, 4.96507, 4, 3, 4.71238898038469]
[-3.64695, -1.31812, 4, 3, 5.497787143782138]
[2.63623, 4.96507, 4, 3, 5.497787143782138]
[2.63623, 4.96507, 4, 3, 6.283185307179586]
[2.32884, 4.96507, 4, 2, 0.0]
[2.1274, 2.1274, 4, 2, 0.7853981633974483]
[2.32884, -1.31812, 4, 2, 0.7853981633974483]
[2.32884, 4.96507, 4, 2, 0.7853981633974483]
[2.32884, 4.96507, 4, 2, 1.5707963267948966]
[4.15579, 4.15579, 4, 2, 2.356194490192345]
[2.32884, 4.96507, 4, 2, 2.356194490192345]
[2.32884, 4.96507, 4, 2, 3.141592653589793]
[2.1274, 2.1274, 4, 2, 3.9269908169872414]
[2.32884, -1.31812, 4, 2, 3.9269908169872414]
[2.32884, 4.96507, 4, 2, 3.9269908169872414]
[2.32884, 4.96507, 4, 2, 4.71238898038469]
[4.15579, 4.15579, 4, 2, 5.497787143782138]
[2.32884, 4.96507, 4, 2, 5.497787143782138]
[2.32884, 4.96507, 4, 2, 6.283185307179586]
[1.69612, 4.58706, 4, 1, 0.0]
[4.58706, 1.69612, 4, 1, 0.0]
[1.81951, 1.81951, 4, 1, 0.7853981633974483]
[1.69612, 4.58706, 4, 1, 0.7853981633974483]
[1.69612, -1.69612, 4, 1, 0.7853981633974483]
[4.58706, 1.69612, 4, 1, 0.7853981633974483]
[-1.69612, 1.69612, 4, 1, 0.7853981633974483]
[-4.46368, -4.46368, 4, 1, 0.7853981633974483]
[1.69612, 4.58706, 4, 1, 1.5707963267948966]
[4.58706, 1.69612, 4, 1, 1.5707963267948966]
[1.69612, 4.58706, 4, 1, 2.356194490192345]
[-1.81951, -1.81951, 4, 1, 2.356194490192345]
[4.46368, 4.46368, 4, 1, 2.356194490192345]
[4.58706, 1.69612, 4, 1, 2.356194490192345]
[1.69612, 4.58706, 4, 1, 3.141592653589793]
[4.58706, 1.69612, 4, 1, 3.141592653589793]
[1.81951, 1.81951, 4, 1, 3.9269908169872414]
[1.69612, 4.58706, 4, 1, 3.9269908169872414]
[1.69612, -1.69612, 4, 1, 3.9269908169872414]
[4.58706, 1.69612, 4, 1, 3.9269908169872414]
[-1.69612, 1.69612, 4, 1, 3.9269908169872414]
[-4.46368, -4.46368, 4, 1, 3.9269908169872414]
[1.69612, 4.58706, 4, 1, 4.71238898038469]
[4.58706, 1.69612, 4, 1, 4.71238898038469]
[1.69612, 4.58706, 4, 1, 5.497787143782138]
[-1.81951, -1.81951, 4, 1, 5.497787143782138]
[4.46368, 4.46368, 4, 1, 5.497787143782138]
[4.58706, 1.69612, 4, 1, 5.497787143782138]
[1.69612, 4.58706, 4, 1, 6.283185307179586]
[4.58706, 1.69612, 4, 1, 6.283185307179586]
[1.5708, 1.5708, 4, 0, 0.7853981633974483]
[1.5708, -4.71239, 4, 0, 0.7853981633974483]
[-1.5708, -1.5708, 4, 0, 2.356194490192345]
[4.71239, 4.71239, 4, 0, 2.356194490192345]
[1.5708, 1.5708, 4, 0, 3.9269908169872414]
[1.5708, -4.71239, 4, 0, 3.9269908169872414]
[-1.5708, -1.5708, 4, 0, 5.497787143782138]
[4.71239, 4.71239, 4, 0, 5.497787143782138]
[4.46368, 4.46368, 5, 8, 0.7853981633974483]
[1.81951, -4.46368, 5, 8, 2.356194490192345]
[1.81951, 1.81951, 5, 8, 2.356194490192345]
[4.46368, 4.46368, 5, 8, 3.9269908169872414]
[1.81951, -4.46368, 5, 8, 5.497787143782138]
[1.81951, 1.81951, 5, 8, 5.497787143782138]
[4.15579, 4.15579, 5, 7, 0.7853981633974483]
[-2.1274, 4.15579, 5, 7, 0.7853981633974483]
[2.1274, 2.1274, 5, 7, 2.356194490192345]
[2.1274, -4.15579, 5, 7, 2.356194490192345]
[4.15579, 4.15579, 5, 7, 3.9269908169872414]
[-2.1274, 4.15579, 5, 7, 3.9269908169872414]
[2.1274, 2.1274, 5, 7, 5.497787143782138]
[2.1274, -4.15579, 5, 7, 5.497787143782138]
[2.49809, -3.78509, 5, 6, 2.356194490192345]
[2.49809, 2.49809, 5, 6, 2.356194490192345]
[2.49809, -3.78509, 5, 6, 5.497787143782138]
[2.49809, 2.49809, 5, 6, 5.497787143782138]
[-3.34193, 1.47063, 5, 5, 0.0]
[2.94126, 1.47063, 5, 5, 0.0]
[2.94126, 1.47063, 5, 5, 0.7853981633974483]
[2.94126, 1.47063, 5, 5, 1.5707963267948966]
[-3.34193, 1.47063, 5, 5, 1.5707963267948966]
[-3.34193, 1.47063, 5, 5, 2.356194490192345]
[2.94126, 1.47063, 5, 5, 2.356194490192345]
[2.92028, 2.92028, 5, 5, 2.356194490192345]
[2.92028, -3.36291, 5, 5, 2.356194490192345]
[-3.34193, 1.47063, 5, 5, 3.141592653589793]
[2.94126, 1.47063, 5, 5, 3.141592653589793]
[2.94126, 1.47063, 5, 5, 3.9269908169872414]
[2.94126, 1.47063, 5, 5, 4.71238898038469]
[-3.34193, 1.47063, 5, 5, 4.71238898038469]
[-3.34193, 1.47063, 5, 5, 5.497787143782138]
[2.94126, 1.47063, 5, 5, 5.497787143782138]
[2.92028, 2.92028, 5, 5, 5.497787143782138]
[2.92028, -3.36291, 5, 5, 5.497787143782138]
[-3.34193, 1.47063, 5, 5, 6.283185307179586]
[2.94126, 1.47063, 5, 5, 6.283185307179586]
[-3.36291, 2.92028, 5, 4, 0.7853981633974483]
[2.92028, 2.92028, 5, 4, 0.7853981633974483]
[-3.36291, 2.92028, 5, 4, 3.9269908169872414]
[2.92028, 2.92028, 5, 4, 3.9269908169872414]
[2.49809, 2.49809, 5, 3, 0.7853981633974483]
[-3.78509, -3.78509, 5, 3, 0.7853981633974483]
[2.49809, 2.49809, 5, 3, 3.9269908169872414]
[-3.78509, -3.78509, 5, 3, 3.9269908169872414]
[-4e-05, 6.28313, 5, 3, 4.71238898038469]
[2.1274, 2.1274, 5, 2, 0.7853981633974483]
[4.15579, 4.15579, 5, 2, 2.356194490192345]
[2.1274, 2.1274, 5, 2, 3.9269908169872414]
[4.15579, 4.15579, 5, 2, 5.497787143782138]
[1.81951, 1.81951, 5, 1, 0.7853981633974483]
[-1.81951, -1.81951, 5, 1, 2.356194490192345]
[4.46368, 4.46368, 5, 1, 2.356194490192345]
[1.81951, 1.81951, 5, 1, 3.9269908169872414]
[-1.81951, -1.81951, 5, 1, 5.497787143782138]
[4.46368, 4.46368, 5, 1, 5.497787143782138]
[1.5708, 1.5708, 5, 0, 0.7853981633974483]
[-4.71239, 1.5708, 5, 0, 0.7853981633974483]
[-1.5708, -1.5708, 5, 0, 2.356194490192345]
[4.71239, 4.71239, 5, 0, 2.356194490192345]
[1.5708, 1.5708, 5, 0, 3.9269908169872414]
[-4.71239, 1.5708, 5, 0, 3.9269908169872414]
[-1.5708, -1.5708, 5, 0, 5.497787143782138]
[4.71239, 4.71239, 5, 0, 5.497787143782138]
[4.46368, 4.46368, 6, 8, 0.7853981633974483]
[1.81951, 1.81951, 6, 8, 2.356194490192345]
[1.81951, -4.46368, 6, 8, 2.356194490192345]
[4.46368, 4.46368, 6, 8, 3.9269908169872414]
[1.81951, 1.81951, 6, 8, 5.497787143782138]
[1.81951, -4.46368, 6, 8, 5.497787143782138]
[-3.74848, -5.25673, 6, 7, 0.0]
[2.53471, 1.02645, 6, 7, 0.0]
[2.53471, 1.02645, 6, 7, 0.7853981633974483]
[4.15579, 4.15579, 6, 7, 0.7853981633974483]
[4.15579, -2.1274, 6, 7, 0.7853981633974483]
[-3.74848, -5.25673, 6, 7, 1.5707963267948966]
[2.53471, 1.02645, 6, 7, 1.5707963267948966]
[2.1274, 2.1274, 6, 7, 2.356194490192345]
[2.53471, 1.02645, 6, 7, 2.356194490192345]
[-3.74848, -5.25673, 6, 7, 3.141592653589793]
[2.53471, 1.02645, 6, 7, 3.141592653589793]
[2.53471, 1.02645, 6, 7, 3.9269908169872414]
[4.15579, 4.15579, 6, 7, 3.9269908169872414]
[4.15579, -2.1274, 6, 7, 3.9269908169872414]
[-3.74848, -5.25673, 6, 7, 4.71238898038469]
[2.53471, 1.02645, 6, 7, 4.71238898038469]
[2.1274, 2.1274, 6, 7, 5.497787143782138]
[2.53471, 1.02645, 6, 7, 5.497787143782138]
[-3.74848, -5.25673, 6, 7, 6.283185307179586]
[2.53471, 1.02645, 6, 7, 6.283185307179586]
[-3.64695, -4.96507, 6, 6, 0.0]
[-3.64695, 1.31812, 6, 6, 0.0]
[2.63623, 1.31812, 6, 6, 0.0]
[2.63623, 1.31812, 6, 6, 0.7853981633974483]
[2.63623, 1.31812, 6, 6, 1.5707963267948966]
[2.49809, -3.78509, 6, 6, 2.356194490192345]
[2.63623, 1.31812, 6, 6, 2.356194490192345]
[2.49809, 2.49809, 6, 6, 2.356194490192345]
[-3.64695, -4.96507, 6, 6, 3.141592653589793]
[-3.64695, 1.31812, 6, 6, 3.141592653589793]
[2.63623, 1.31812, 6, 6, 3.141592653589793]
[2.63623, 1.31812, 6, 6, 3.9269908169872414]
[2.63623, 1.31812, 6, 6, 4.71238898038469]
[2.49809, -3.78509, 6, 6, 5.497787143782138]
[2.63623, 1.31812, 6, 6, 5.497787143782138]
[2.49809, 2.49809, 6, 6, 5.497787143782138]
[-3.64695, -4.96507, 6, 6, 6.283185307179586]
[-3.64695, 1.31812, 6, 6, 6.283185307179586]
[2.63623, 1.31812, 6, 6, 6.283185307179586]
[-3.45915, 1.92837, 6, 5, 0.0]
[2.82403, 1.92837, 6, 5, 0.0]
[2.82403, 1.92837, 6, 5, 0.7853981633974483]
[2.82403, 1.92837, 6, 5, 1.5707963267948966]
[2.82403, 1.92837, 6, 5, 2.356194490192345]
[2.92028, 2.92028, 6, 5, 2.356194490192345]
[-3.45915, 1.92837, 6, 5, 3.141592653589793]
[2.82403, 1.92837, 6, 5, 3.141592653589793]
[2.82403, 1.92837, 6, 5, 3.9269908169872414]
[2.82403, 1.92837, 6, 5, 4.71238898038469]
[2.82403, 1.92837, 6, 5, 5.497787143782138]
[2.92028, 2.92028, 6, 5, 5.497787143782138]
[-3.45915, 1.92837, 6, 5, 6.283185307179586]
[2.82403, 1.92837, 6, 5, 6.283185307179586]
[-3.36291, -3.36291, 6, 4, 0.7853981633974483]
[2.92028, 2.92028, 6, 4, 0.7853981633974483]
[-3.36291, -3.36291, 6, 4, 3.9269908169872414]
[2.92028, 2.92028, 6, 4, 3.9269908169872414]
[2.49809, 2.49809, 6, 3, 0.7853981633974483]
[-3.78509, 2.49809, 6, 3, 0.7853981633974483]
[2.49809, 2.49809, 6, 3, 3.9269908169872414]
[-3.78509, 2.49809, 6, 3, 3.9269908169872414]
[2.1274, 2.1274, 6, 2, 0.7853981633974483]
[-4.15579, 2.1274, 6, 2, 0.7853981633974483]
[4.15579, 4.15579, 6, 2, 2.356194490192345]
[4.15579, -2.1274, 6, 2, 2.356194490192345]
[2.1274, 2.1274, 6, 2, 3.9269908169872414]
[-4.15579, 2.1274, 6, 2, 3.9269908169872414]
[6.28316, -5e-05, 6, 2, 4.71238898038469]
[4.15579, 4.15579, 6, 2, 5.497787143782138]
[4.15579, -2.1274, 6, 2, 5.497787143782138]
[1.81951, 1.81951, 6, 1, 0.7853981633974483]
[-4.46368, -4.46368, 6, 1, 0.7853981633974483]
[-1.81951, -1.81951, 6, 1, 2.356194490192345]
[4.46368, 4.46368, 6, 1, 2.356194490192345]
[4.46368, -1.81951, 6, 1, 2.356194490192345]
[1.81951, 1.81951, 6, 1, 3.9269908169872414]
[-4.46368, -4.46368, 6, 1, 3.9269908169872414]
[-1.81951, -1.81951, 6, 1, 5.497787143782138]
[4.46368, 4.46368, 6, 1, 5.497787143782138]
[4.46368, -1.81951, 6, 1, 5.497787143782138]
[1.5708, 1.5708, 6, 0, 0.7853981633974483]
[-4.71239, -4.71239, 6, 0, 0.7853981633974483]
[4.71239, -1.5708, 6, 0, 2.356194490192345]
[-1.5708, -1.5708, 6, 0, 2.356194490192345]
[4.71239, 4.71239, 6, 0, 2.356194490192345]
[1.5708, 1.5708, 6, 0, 3.9269908169872414]
[-4.71239, -4.71239, 6, 0, 3.9269908169872414]
[4.71239, -1.5708, 6, 0, 5.497787143782138]
[-1.5708, -1.5708, 6, 0, 5.497787143782138]
[4.71239, 4.71239, 6, 0, 5.497787143782138]
[-3.95435, 1.01072, 7, 8, 0.0]
[2.32884, 1.01072, 7, 8, 0.0]
[-3.95435, -5.27246, 7, 8, 0.0]
[2.32884, 1.01072, 7, 8, 0.7853981633974483]
[2.32884, -5.27246, 7, 8, 0.7853981633974483]
[4.46368, 4.46368, 7, 8, 0.7853981633974483]
[4.46368, -1.81951, 7, 8, 0.7853981633974483]
[-3.95435, -5.27246, 7, 8, 1.5707963267948966]
[2.32884, 1.01072, 7, 8, 1.5707963267948966]
[-3.95435, 1.01072, 7, 8, 1.5707963267948966]
[1.81951, 1.81951, 7, 8, 2.356194490192345]
[2.32884, 1.01072, 7, 8, 2.356194490192345]
[-3.95435, 1.01072, 7, 8, 2.356194490192345]
[-3.95435, 1.01072, 7, 8, 3.141592653589793]
[2.32884, 1.01072, 7, 8, 3.141592653589793]
[-3.95435, -5.27246, 7, 8, 3.141592653589793]
[2.32884, 1.01072, 7, 8, 3.9269908169872414]
[2.32884, -5.27246, 7, 8, 3.9269908169872414]
[4.46368, 4.46368, 7, 8, 3.9269908169872414]
[4.46368, -1.81951, 7, 8, 3.9269908169872414]
[-3.95435, -5.27246, 7, 8, 4.71238898038469]
[2.32884, 1.01072, 7, 8, 4.71238898038469]
[-3.95435, 1.01072, 7, 8, 4.71238898038469]
[1.81951, 1.81951, 7, 8, 5.497787143782138]
[2.32884, 1.01072, 7, 8, 5.497787143782138]
[-3.95435, 1.01072, 7, 8, 5.497787143782138]
[-3.95435, 1.01072, 7, 8, 6.283185307179586]
[2.32884, 1.01072, 7, 8, 6.283185307179586]
[-3.95435, -5.27246, 7, 8, 6.283185307179586]
[-3.87201, 1.20559, 7, 7, 0.0]
[-3.87201, -5.0776, 7, 7, 0.0]
[2.41118, 1.20559, 7, 7, 0.0]
[2.41118, 1.20559, 7, 7, 0.7853981633974483]
[4.15579, 4.15579, 7, 7, 0.7853981633974483]
[4.15579, -2.1274, 7, 7, 0.7853981633974483]
[2.41118, 1.20559, 7, 7, 1.5707963267948966]
[2.1274, 2.1274, 7, 7, 2.356194490192345]
[2.1274, -4.15579, 7, 7, 2.356194490192345]
[2.41118, 1.20559, 7, 7, 2.356194490192345]
[-3.87201, 1.20559, 7, 7, 3.141592653589793]
[-3.87201, -5.0776, 7, 7, 3.141592653589793]
[2.41118, 1.20559, 7, 7, 3.141592653589793]
[2.41118, 1.20559, 7, 7, 3.9269908169872414]
[4.15579, 4.15579, 7, 7, 3.9269908169872414]
[4.15579, -2.1274, 7, 7, 3.9269908169872414]
[2.41118, 1.20559, 7, 7, 4.71238898038469]
[2.1274, 2.1274, 7, 7, 5.497787143782138]
[2.1274, -4.15579, 7, 7, 5.497787143782138]
[2.41118, 1.20559, 7, 7, 5.497787143782138]
[-3.87201, 1.20559, 7, 7, 6.283185307179586]
[-3.87201, -5.0776, 7, 7, 6.283185307179586]
[2.41118, 1.20559, 7, 7, 6.283185307179586]
[-3.74848, 1.50826, 7, 6, 0.0]
[2.53471, 1.50826, 7, 6, 0.0]
[2.53471, 1.50826, 7, 6, 0.7853981633974483]
[2.53471, 1.50826, 7, 6, 1.5707963267948966]
[-1e-05, -1e-05, 7, 6, 1.5707963267948966]
[2.49809, -3.78509, 7, 6, 2.356194490192345]
[2.53471, 1.50826, 7, 6, 2.356194490192345]
[2.49809, 2.49809, 7, 6, 2.356194490192345]
[2.53471, -4.77493, 7, 6, 2.356194490192345]
[-3.74848, 1.50826, 7, 6, 3.141592653589793]
[2.53471, 1.50826, 7, 6, 3.141592653589793]
[2.53471, 1.50826, 7, 6, 3.9269908169872414]
[2.53471, 1.50826, 7, 6, 4.71238898038469]
[-1e-05, -1e-05, 7, 6, 4.71238898038469]
[2.49809, -3.78509, 7, 6, 5.497787143782138]
[2.53471, 1.50826, 7, 6, 5.497787143782138]
[2.49809, 2.49809, 7, 6, 5.497787143782138]
[2.53471, -4.77493, 7, 6, 5.497787143782138]
[-3.74848, 1.50826, 7, 6, 6.283185307179586]
[2.53471, 1.50826, 7, 6, 6.283185307179586]
[2.76134, 2.0944, 7, 5, 0.0]
[2.76134, -4.18879, 7, 5, 0.0]
[2.76134, 2.0944, 7, 5, 0.7853981633974483]
[-3.52184, -4.18879, 7, 5, 1.5707963267948966]
[2.76134, 2.0944, 7, 5, 1.5707963267948966]
[2.76134, 2.0944, 7, 5, 2.356194490192345]
[2.92028, 2.92028, 7, 5, 2.356194490192345]
[2.92028, -3.36291, 7, 5, 2.356194490192345]
[2.76134, 2.0944, 7, 5, 3.141592653589793]
[2.76134, -4.18879, 7, 5, 3.141592653589793]
[2.76134, 2.0944, 7, 5, 3.9269908169872414]
[-3.52184, -4.18879, 7, 5, 4.71238898038469]
[2.76134, 2.0944, 7, 5, 4.71238898038469]
[2.76134, 2.0944, 7, 5, 5.497787143782138]
[2.92028, 2.92028, 7, 5, 5.497787143782138]
[2.92028, -3.36291, 7, 5, 5.497787143782138]
[2.76134, 2.0944, 7, 5, 6.283185307179586]
[2.76134, -4.18879, 7, 5, 6.283185307179586]
[2.92028, 2.92028, 7, 4, 0.7853981633974483]
[2.92028, 2.92028, 7, 4, 3.9269908169872414]
[2.49809, 2.49809, 7, 3, 0.7853981633974483]
[2.49809, 2.49809, 7, 3, 3.9269908169872414]
[2.1274, 2.1274, 7, 2, 0.7853981633974483]
[4.15579, 4.15579, 7, 2, 2.356194490192345]
[2.1274, 2.1274, 7, 2, 3.9269908169872414]
[4.15579, 4.15579, 7, 2, 5.497787143782138]
[-4.46368, -4.46368, 7, 1, 0.7853981633974483]
[1.81951, 1.81951, 7, 1, 0.7853981633974483]
[-1e-05, -1e-05, 7, 1, 1.5707963267948966]
[4.46368, 4.46368, 7, 1, 2.356194490192345]
[-4.46368, -4.46368, 7, 1, 3.9269908169872414]
[1.81951, 1.81951, 7, 1, 3.9269908169872414]
[-1e-05, -1e-05, 7, 1, 4.71238898038469]
[4.46368, 4.46368, 7, 1, 5.497787143782138]
[1.5708, 1.5708, 7, 0, 0.7853981633974483]
[-1.5708, -1.5708, 7, 0, 2.356194490192345]
[4.71239, 4.71239, 7, 0, 2.356194490192345]
[1.5708, 1.5708, 7, 0, 3.9269908169872414]
[-1.5708, -1.5708, 7, 0, 5.497787143782138]
[4.71239, 4.71239, 7, 0, 5.497787143782138]
[-4.04723, 1.11798, 8, 8, 0.0]
[2.23596, 1.11798, 8, 8, 0.0]
[-4.04723, -5.16521, 8, 8, 0.0]
[2.23596, 1.11798, 8, 8, 0.7853981633974483]
[4.46368, 4.46368, 8, 8, 0.7853981633974483]
[2.23596, -5.16521, 8, 8, 0.7853981633974483]
[2.23596, 1.11798, 8, 8, 1.5707963267948966]
[2.23596, 1.11798, 8, 8, 2.356194490192345]
[1.81951, 1.81951, 8, 8, 2.356194490192345]
[2.23596, -5.16521, 8, 8, 2.356194490192345]
[-4.04723, 1.11798, 8, 8, 3.141592653589793]
[2.23596, 1.11798, 8, 8, 3.141592653589793]
[-4.04723, -5.16521, 8, 8, 3.141592653589793]
[2.23596, 1.11798, 8, 8, 3.9269908169872414]
[4.46368, 4.46368, 8, 8, 3.9269908169872414]
[2.23596, -5.16521, 8, 8, 3.9269908169872414]
[2.23596, 1.11798, 8, 8, 4.71238898038469]
[2.23596, 1.11798, 8, 8, 5.497787143782138]
[1.81951, 1.81951, 8, 8, 5.497787143782138]
[2.23596, -5.16521, 8, 8, 5.497787143782138]
[-4.04723, 1.11798, 8, 8, 6.283185307179586]
[2.23596, 1.11798, 8, 8, 6.283185307179586]
[-4.04723, -5.16521, 8, 8, 6.283185307179586]
[2.32884, 1.31812, 8, 7, 0.0]
[2.32884, 1.31812, 8, 7, 0.7853981633974483]
[4.15579, 4.15579, 8, 7, 0.7853981633974483]
[2.32884, -4.96507, 8, 7, 0.7853981633974483]
[4.15579, -2.1274, 8, 7, 0.7853981633974483]
[2.32884, 1.31812, 8, 7, 1.5707963267948966]
[2.1274, 2.1274, 8, 7, 2.356194490192345]
[2.1274, -4.15579, 8, 7, 2.356194490192345]
[2.32884, 1.31812, 8, 7, 2.356194490192345]
[2.32884, 1.31812, 8, 7, 3.141592653589793]
[2.32884, 1.31812, 8, 7, 3.9269908169872414]
[4.15579, 4.15579, 8, 7, 3.9269908169872414]
[2.32884, -4.96507, 8, 7, 3.9269908169872414]
[4.15579, -2.1274, 8, 7, 3.9269908169872414]
[2.32884, 1.31812, 8, 7, 4.71238898038469]
[2.1274, 2.1274, 8, 7, 5.497787143782138]
[2.1274, -4.15579, 8, 7, 5.497787143782138]
[2.32884, 1.31812, 8, 7, 5.497787143782138]
[2.32884, 1.31812, 8, 7, 6.283185307179586]
[2.46746, 1.62082, 8, 6, 0.0]
[2.46746, -4.66237, 8, 6, 0.0]
[2.46746, 1.62082, 8, 6, 0.7853981633974483]
[2.46746, -4.66237, 8, 6, 0.7853981633974483]
[2.46746, 1.62082, 8, 6, 1.5707963267948966]
[-3.81572, -4.66237, 8, 6, 1.5707963267948966]
[2.49809, 2.49809, 8, 6, 2.356194490192345]
[2.46746, 1.62082, 8, 6, 2.356194490192345]
[2.46746, -4.66237, 8, 6, 2.356194490192345]
[2.46746, 1.62082, 8, 6, 3.141592653589793]
[2.46746, -4.66237, 8, 6, 3.141592653589793]
[2.46746, 1.62082, 8, 6, 3.9269908169872414]
[2.46746, -4.66237, 8, 6, 3.9269908169872414]
[2.46746, 1.62082, 8, 6, 4.71238898038469]
[-3.81572, -4.66237, 8, 6, 4.71238898038469]
[2.49809, 2.49809, 8, 6, 5.497787143782138]
[2.46746, 1.62082, 8, 6, 5.497787143782138]
[2.46746, -4.66237, 8, 6, 5.497787143782138]
[2.46746, 1.62082, 8, 6, 6.283185307179586]
[2.46746, -4.66237, 8, 6, 6.283185307179586]
[-3.56303, 2.1834, 8, 5, 0.0]
[2.72015, 2.1834, 8, 5, 0.0]
[2.72015, 2.1834, 8, 5, 0.7853981633974483]
[2.72015, 2.1834, 8, 5, 1.5707963267948966]
[2.72015, 2.1834, 8, 5, 2.356194490192345]
[2.92028, 2.92028, 8, 5, 2.356194490192345]
[-3.56303, 2.1834, 8, 5, 3.141592653589793]
[2.72015, 2.1834, 8, 5, 3.141592653589793]
[2.72015, 2.1834, 8, 5, 3.9269908169872414]
[2.72015, 2.1834, 8, 5, 4.71238898038469]
[2.72015, 2.1834, 8, 5, 5.497787143782138]
[2.92028, 2.92028, 8, 5, 5.497787143782138]
[-3.56303, 2.1834, 8, 5, 6.283185307179586]
[2.72015, 2.1834, 8, 5, 6.283185307179586]
[2.92028, 2.92028, 8, 4, 0.7853981633974483]
[2.92028, 2.92028, 8, 4, 3.9269908169872414]
[2.49809, 2.49809, 8, 3, 0.7853981633974483]
[-3.78509, -3.78509, 8, 3, 0.7853981633974483]
[2.49809, 2.49809, 8, 3, 3.9269908169872414]
[-3.78509, -3.78509, 8, 3, 3.9269908169872414]
[2.1274, 2.1274, 8, 2, 0.7853981633974483]
[2.1274, -4.15579, 8, 2, 0.7853981633974483]
[4.15579, 4.15579, 8, 2, 2.356194490192345]
[4.15579, -2.1274, 8, 2, 2.356194490192345]
[2.1274, 2.1274, 8, 2, 3.9269908169872414]
[2.1274, -4.15579, 8, 2, 3.9269908169872414]
[4.15579, 4.15579, 8, 2, 5.497787143782138]
[4.15579, -2.1274, 8, 2, 5.497787143782138]
[1.81951, -4.46368, 8, 1, 0.7853981633974483]
[1.81951, 1.81951, 8, 1, 0.7853981633974483]
[-1.81951, -1.81951, 8, 1, 2.356194490192345]
[4.46368, 4.46368, 8, 1, 2.356194490192345]
[4.46368, -1.81951, 8, 1, 2.356194490192345]
[1.81951, -4.46368, 8, 1, 3.9269908169872414]
[1.81951, 1.81951, 8, 1, 3.9269908169872414]
[-1.81951, -1.81951, 8, 1, 5.497787143782138]
[4.46368, 4.46368, 8, 1, 5.497787143782138]
[4.46368, -1.81951, 8, 1, 5.497787143782138]
[1.5708, 1.5708, 8, 0, 0.7853981633974483]
[1.5708, -4.71239, 8, 0, 0.7853981633974483]
[4.71239, 4.71239, 8, 0, 2.356194490192345]
[1.5708, 1.5708, 8, 0, 3.9269908169872414]
[1.5708, -4.71239, 8, 0, 3.9269908169872414]
[4.71239, 4.71239, 8, 0, 5.497787143782138]
