[-0.0, 3.14159, 1.0, 7.0, 0.0]
[0.0, -3.14159, 1.0, 7.0, 0.0]
[-3.14159, 0.0, 1.0, 7.0, 0.0]
[-3.14159, 3.14159, 1.0, 7.0, 0.0]
[3.14159, 0.0, 1.0, 7.0, 0.0]
[3.14159, 3.14159, 1.0, 7.0, 0.0]
[3.14159, -3.14159, 1.0, 7.0, 0.0]
[0.0, 3.76493, 1.0, 7.0, 0.39269908169872414]
[3.59395, 3.59395, 1.0, 7.0, 0.39269908169872414]
[3.76493, -0.0, 1.0, 7.0, 0.39269908169872414]
[-2.68923, -2.68923, 1.0, 7.0, 0.39269908169872414]
[-0.0, 4.46368, 1.0, 7.0, 0.7853981633974483]
[4.15579, 4.15579, 1.0, 7.0, 0.7853981633974483]
[5.00185, 5.00185, 1.0, 7.0, 1.1780972450961724]
[0.0, 0.0, 1.0, 7.0, 1.5707963267948966]
[0.0, 0.0, 1.0, 7.0, 1.9634954084936207]
[0.0, 0.97871, 1.0, 7.0, 1.9634954084936207]
[0.97871, -0.0, 1.0, 7.0, 1.9634954084936207]
[1.28134, 1.28134, 1.0, 7.0, 1.9634954084936207]
[0.0, 0.0, 1.0, 7.0, 2.356194490192345]
[-0.0, 1.81951, 1.0, 7.0, 2.356194490192345]
[2.1274, 2.1274, 1.0, 7.0, 2.356194490192345]
[1.81951, -0.0, 1.0, 7.0, 2.356194490192345]
[0.0, 0.0, 1.0, 7.0, 2.748893571891069]
[-0.0, 2.51826, 1.0, 7.0, 2.748893571891069]
[2.68923, 2.68923, 1.0, 7.0, 2.748893571891069]
[2.51826, 0.0, 1.0, 7.0, 2.748893571891069]
[2.68923, -3.59395, 1.0, 7.0, 2.748893571891069]
[-3.59395, 2.68923, 1.0, 7.0, 2.748893571891069]
[0.0, 0.0, 1.0, 7.0, 3.141592653589793]
[0.0, 3.14159, 1.0, 7.0, 3.141592653589793]
[0.0, -3.14159, 1.0, 7.0, 3.141592653589793]
[-3.14159, 0.0, 1.0, 7.0, 3.141592653589793]
[-3.14159, 3.14159, 1.0, 7.0, 3.141592653589793]
[3.14159, -0.0, 1.0, 7.0, 3.141592653589793]
[3.14159, 3.14159, 1.0, 7.0, 3.141592653589793]
[3.14159, -3.14159, 1.0, 7.0, 3.141592653589793]
[0.0, 3.14159, 1.0, 6.0, 0.0]
[0.0, -3.14159, 1.0, 6.0, 0.0]
[3.14159, 0.0, 1.0, 6.0, 0.0]
[3.14159, 3.14159, 1.0, 6.0, 0.0]
[3.14159, -3.14159, 1.0, 6.0, 0.0]
[-3.14159, 3.14159, 1.0, 6.0, 0.0]
[-0.0, 3.59395, 1.0, 6.0, 0.39269908169872414]
[-0.0, -2.68923, 1.0, 6.0, 0.39269908169872414]
[3.416, 3.416, 1.0, 6.0, 0.39269908169872414]
[-2.86719, 3.416, 1.0, 6.0, 0.39269908169872414]
[3.76493, 0.0, 1.0, 6.0, 0.39269908169872414]
[3.416, -2.86719, 1.0, 6.0, 0.39269908169872414]
[-0.0, 4.15579, 1.0, 6.0, 0.7853981633974483]
[3.78509, 3.78509, 1.0, 6.0, 0.7853981633974483]
[-0.0, 5.00185, 1.0, 6.0, 1.1780972450961724]
[0.0, -1.28134, 1.0, 6.0, 1.1780972450961724]
[4.49684, 4.49684, 1.0, 6.0, 1.1780972450961724]
[-1.78635, 4.49684, 1.0, 6.0, 1.1780972450961724]
[0.0, 0.0, 1.0, 6.0, 1.5707963267948966]
[-1e-05, 6e-05, 1.0, 6.0, 1.5707963267948966]
[0.0, 0.0, 1.0, 6.0, 1.9634954084936207]
[0.0, 1.28134, 1.0, 6.0, 1.9634954084936207]
[0.97871, 0.0, 1.0, 6.0, 1.9634954084936207]
[1.78635, 1.78635, 1.0, 6.0, 1.9634954084936207]
[0.0, 0.0, 1.0, 6.0, 2.356194490192345]
[-0.0, 2.1274, 1.0, 6.0, 2.356194490192345]
[1.81951, -0.0, 1.0, 6.0, 2.356194490192345]
[2.49809, 2.49809, 1.0, 6.0, 2.356194490192345]
[0.0, 0.0, 1.0, 6.0, 2.748893571891069]
[0.0, 2.68923, 1.0, 6.0, 2.748893571891069]
[-3.76493, -0.0, 1.0, 6.0, 2.748893571891069]
[2.51826, -0.0, 1.0, 6.0, 2.748893571891069]
[2.86719, 2.86719, 1.0, 6.0, 2.748893571891069]
[2.86719, -3.416, 1.0, 6.0, 2.748893571891069]
[0.0, 0.0, 1.0, 6.0, 3.141592653589793]
[-0.0, 3.14159, 1.0, 6.0, 3.141592653589793]
[0.0, -3.14159, 1.0, 6.0, 3.141592653589793]
[3.14159, -0.0, 1.0, 6.0, 3.141592653589793]
[3.14159, 3.14159, 1.0, 6.0, 3.141592653589793]
[3.14159, -3.14159, 1.0, 6.0, 3.141592653589793]
[-3.14159, 3.14159, 1.0, 6.0, 3.141592653589793]
[0.0, 3.14159, 1.0, 5.0, 0.0]
[-0.0, -3.14159, 1.0, 5.0, 0.0]
[3.14159, 3.14159, 1.0, 5.0, 0.0]
[3.14159, 0.0, 1.0, 5.0, 0.0]
[3.14159, -3.14159, 1.0, 5.0, 0.0]
[-3.14159, 3.14159, 1.0, 5.0, 0.0]
[-0.0, -2.86719, 1.0, 5.0, 0.39269908169872414]
[-0.0, 3.416, 1.0, 5.0, 0.39269908169872414]
[-3.04961, -3.04961, 1.0, 5.0, 0.39269908169872414]
[3.23358, 3.23358, 1.0, 5.0, 0.39269908169872414]
[3.76493, -0.0, 1.0, 5.0, 0.39269908169872414]
[3.23358, -3.04961, 1.0, 5.0, 0.39269908169872414]
[0.0, 3.78509, 1.0, 5.0, 0.7853981633974483]
[-2.92028, -2.92028, 1.0, 5.0, 0.7853981633974483]
[3.36291, 3.36291, 1.0, 5.0, 0.7853981633974483]
[-0.0, -2.49809, 1.0, 5.0, 0.7853981633974483]
[0.0, 4.49684, 1.0, 5.0, 1.1780972450961724]
[0.0, 0.0, 1.0, 5.0, 1.5707963267948966]
[0.0, -0.0, 1.0, 5.0, 1.9634954084936207]
[0.0, 1.78635, 1.0, 5.0, 1.9634954084936207]
[0.97871, -0.0, 1.0, 5.0, 1.9634954084936207]
[2.61744, 2.61744, 1.0, 5.0, 1.9634954084936207]
[2.61744, -3.66575, 1.0, 5.0, 1.9634954084936207]
[-3.66575, -3.66575, 1.0, 5.0, 1.9634954084936207]
[0.0, 0.0, 1.0, 5.0, 2.356194490192345]
[-0.0, 2.49809, 1.0, 5.0, 2.356194490192345]
[-0.0, -3.78509, 1.0, 5.0, 2.356194490192345]
[2.92028, 2.92028, 1.0, 5.0, 2.356194490192345]
[1.81951, 0.0, 1.0, 5.0, 2.356194490192345]
[-3.36291, 2.92028, 1.0, 5.0, 2.356194490192345]
[2.92028, -3.36291, 1.0, 5.0, 2.356194490192345]
[0.0, 0.0, 1.0, 5.0, 2.748893571891069]
[0.0, 2.86719, 1.0, 5.0, 2.748893571891069]
[3.04961, 3.04961, 1.0, 5.0, 2.748893571891069]
[2.51826, 0.0, 1.0, 5.0, 2.748893571891069]
[3.04961, -3.23358, 1.0, 5.0, 2.748893571891069]
[-3.23358, 3.04961, 1.0, 5.0, 2.748893571891069]
[0.0, 0.0, 1.0, 5.0, 3.141592653589793]
[0.0, 3.14159, 1.0, 5.0, 3.141592653589793]
[-0.0, -3.14159, 1.0, 5.0, 3.141592653589793]
[3.14159, 3.14159, 1.0, 5.0, 3.141592653589793]
[3.14159, -0.0, 1.0, 5.0, 3.141592653589793]
[3.14159, -3.14159, 1.0, 5.0, 3.141592653589793]
[-3.14159, 3.14159, 1.0, 5.0, 3.141592653589793]
[0.0, 3.14159, 1.0, 4.0, 0.0]
[-1.69612, -3.39225, 1.0, 4.0, 0.0]
[1.69612, 3.39225, 1.0, 4.0, 0.0]
[3.14159, 3.14159, 1.0, 4.0, 0.0]
[3.14159, 0.0, 1.0, 4.0, 0.0]
[4.58706, 2.89094, 1.0, 4.0, 0.0]
[-0.0, -3.04961, 1.0, 4.0, 0.39269908169872414]
[0.0, 3.23358, 1.0, 4.0, 0.39269908169872414]
[-3.23358, -3.23358, 1.0, 4.0, 0.39269908169872414]
[3.04961, 3.04961, 1.0, 4.0, 0.39269908169872414]
[1.69612, 3.39225, 1.0, 4.0, 0.39269908169872414]
[3.76493, 0.0, 1.0, 4.0, 0.39269908169872414]
[4.58706, 2.89094, 1.0, 4.0, 0.39269908169872414]
[1.69612, -2.89094, 1.0, 4.0, 0.39269908169872414]
[-2.51826, 0.0, 1.0, 4.0, 0.39269908169872414]
[-0.0, -2.92028, 1.0, 4.0, 0.7853981633974483]
[-0.0, 3.36291, 1.0, 4.0, 0.7853981633974483]
[1.69612, 3.39225, 1.0, 4.0, 0.7853981633974483]
[4.58706, 2.89094, 1.0, 4.0, 0.7853981633974483]
[4.58706, -3.39225, 1.0, 4.0, 0.7853981633974483]
[-0.0, 3.66575, 1.0, 4.0, 1.1780972450961724]
[1.69612, 3.39225, 1.0, 4.0, 1.1780972450961724]
[2.61744, 2.61744, 1.0, 4.0, 1.1780972450961724]
[-3.66575, -3.66575, 1.0, 4.0, 1.1780972450961724]
[0.0, 0.0, 1.0, 4.0, 1.5707963267948966]
[1.69612, 3.39225, 1.0, 4.0, 1.5707963267948966]
[0.0, 0.0, 1.0, 4.0, 1.9634954084936207]
[0.0, 2.61744, 1.0, 4.0, 1.9634954084936207]
[-0.0, -3.66575, 1.0, 4.0, 1.9634954084936207]
[0.97871, 0.0, 1.0, 4.0, 1.9634954084936207]
[1.69612, 3.39225, 1.0, 4.0, 1.9634954084936207]
[-5.30447, 0.0, 1.0, 4.0, 1.9634954084936207]
[-2.61744, -2.61744, 1.0, 4.0, 1.9634954084936207]
[3.66575, 3.66575, 1.0, 4.0, 1.9634954084936207]
[-4.58706, -2.89094, 1.0, 4.0, 1.9634954084936207]
[0.0, 0.0, 1.0, 4.0, 2.356194490192345]
[-0.0, 2.92028, 1.0, 4.0, 2.356194490192345]
[0.0, -3.36291, 1.0, 4.0, 2.356194490192345]
[1.69612, 3.39225, 1.0, 4.0, 2.356194490192345]
[1.81951, -0.0, 1.0, 4.0, 2.356194490192345]
[-2.92028, -2.92028, 1.0, 4.0, 2.356194490192345]
[3.36291, 3.36291, 1.0, 4.0, 2.356194490192345]
[1.69612, -2.89094, 1.0, 4.0, 2.356194490192345]
[0.0, 0.0, 1.0, 4.0, 2.748893571891069]
[0.0, 3.04961, 1.0, 4.0, 2.748893571891069]
[1.69612, 3.39225, 1.0, 4.0, 2.748893571891069]
[-3.04961, -3.04961, 1.0, 4.0, 2.748893571891069]
[3.23358, 3.23358, 1.0, 4.0, 2.748893571891069]
[2.51826, 0.0, 1.0, 4.0, 2.748893571891069]
[1.69612, -2.89094, 1.0, 4.0, 2.748893571891069]
[-3.76493, 0.0, 1.0, 4.0, 2.748893571891069]
[0.0, 0.0, 1.0, 4.0, 3.141592653589793]
[0.0, 3.14159, 1.0, 4.0, 3.141592653589793]
[3.14159, 3.14159, 1.0, 4.0, 3.141592653589793]
[3.14159, 0.0, 1.0, 4.0, 3.141592653589793]
[-0.0, 3.14159, 1.0, 3.0, 0.0]
[-3.14159, -3.14159, 1.0, 3.0, 0.0]
[3.14159, 3.14159, 1.0, 3.0, 0.0]
[3.14159, 0.0, 1.0, 3.0, 0.0]
[3.14159, -3.14159, 1.0, 3.0, 0.0]
[0.0, 3.04961, 1.0, 3.0, 0.39269908169872414]
[2.86719, 2.86719, 1.0, 3.0, 0.39269908169872414]
[3.76493, 0.0, 1.0, 3.0, 0.39269908169872414]
[-0.0, 2.92028, 1.0, 3.0, 0.7853981633974483]
[2.49809, 2.49809, 1.0, 3.0, 0.7853981633974483]
[-1.81951, -0.0, 1.0, 3.0, 0.7853981633974483]
[4.46368, -0.0, 1.0, 3.0, 0.7853981633974483]
[-0.0, -3.36291, 1.0, 3.0, 0.7853981633974483]
[-3.78509, -3.78509, 1.0, 3.0, 0.7853981633974483]
[0.0, 2.61744, 1.0, 3.0, 1.1780972450961724]
[0.0, -3.66575, 1.0, 3.0, 1.1780972450961724]
[1.78635, 1.78635, 1.0, 3.0, 1.1780972450961724]
[0.0, 0.0, 1.0, 3.0, 1.5707963267948966]
[-1e-05, 6.28318, 1.0, 3.0, 1.5707963267948966]
[1e-05, 0.0, 1.0, 3.0, 1.5707963267948966]
[0.0, 0.0, 1.0, 3.0, 1.9634954084936207]
[0.97871, 0.0, 1.0, 3.0, 1.9634954084936207]
[-1.78635, -1.78635, 1.0, 3.0, 1.9634954084936207]
[4.49684, 4.49684, 1.0, 3.0, 1.9634954084936207]
[-5.30447, 0.0, 1.0, 3.0, 1.9634954084936207]
[0.0, 0.0, 1.0, 3.0, 2.356194490192345]
[3.78509, 3.78509, 1.0, 3.0, 2.356194490192345]
[1.81951, 0.0, 1.0, 3.0, 2.356194490192345]
[-4.46368, -0.0, 1.0, 3.0, 2.356194490192345]
[-2.49809, 3.78509, 1.0, 3.0, 2.356194490192345]
[0.0, 0.0, 1.0, 3.0, 2.748893571891069]
[3.416, 3.416, 1.0, 3.0, 2.748893571891069]
[2.51826, -0.0, 1.0, 3.0, 2.748893571891069]
[-2.86719, -2.86719, 1.0, 3.0, 2.748893571891069]
[0.0, 0.0, 1.0, 3.0, 3.141592653589793]
[-3.14159, -3.14159, 1.0, 3.0, 3.141592653589793]
[3.14159, 3.14159, 1.0, 3.0, 3.141592653589793]
[3.14159, 0.0, 1.0, 3.0, 3.141592653589793]
[3.14159, -3.14159, 1.0, 3.0, 3.141592653589793]
[-0.0, 3.14159, 1.0, 2.0, 0.0]
[-3.14159, -3.14159, 1.0, 2.0, 0.0]
[3.14159, 3.14159, 1.0, 2.0, 0.0]
[-3.14159, -0.0, 1.0, 2.0, 0.0]
[3.14159, 0.0, 1.0, 2.0, 0.0]
[-3.14159, 3.14159, 1.0, 2.0, 0.0]
[-0.0, -3.14159, 1.0, 2.0, 0.0]
[0.0, 2.86719, 1.0, 2.0, 0.39269908169872414]
[2.68923, 2.68923, 1.0, 2.0, 0.39269908169872414]
[3.76493, -0.0, 1.0, 2.0, 0.39269908169872414]
[0.0, -3.416, 1.0, 2.0, 0.39269908169872414]
[-2.51826, -0.0, 1.0, 2.0, 0.39269908169872414]
[-0.0, 2.49809, 1.0, 2.0, 0.7853981633974483]
[2.1274, -4.15579, 1.0, 2.0, 0.7853981633974483]
[2.1274, 2.1274, 1.0, 2.0, 0.7853981633974483]
[4.46368, 0.0, 1.0, 2.0, 0.7853981633974483]
[-1.81951, -0.0, 1.0, 2.0, 0.7853981633974483]
[0.0, 1.78635, 1.0, 2.0, 1.1780972450961724]
[-0.97871, -0.0, 1.0, 2.0, 1.1780972450961724]
[1.28134, 1.28134, 1.0, 2.0, 1.1780972450961724]
[5.30447, -0.0, 1.0, 2.0, 1.1780972450961724]
[0.0, 0.0, 1.0, 2.0, 1.5707963267948966]
[6.28318, 0.0, 1.0, 2.0, 1.5707963267948966]
[0.0, -0.0, 1.0, 2.0, 1.9634954084936207]
[0.97871, 0.0, 1.0, 2.0, 1.9634954084936207]
[-5.30447, 0.0, 1.0, 2.0, 1.9634954084936207]
[-1.28134, -1.28134, 1.0, 2.0, 1.9634954084936207]
[5.00185, 5.00185, 1.0, 2.0, 1.9634954084936207]
[0.0, 0.0, 1.0, 2.0, 2.356194490192345]
[1.81951, 0.0, 1.0, 2.0, 2.356194490192345]
[-4.46368, 0.0, 1.0, 2.0, 2.356194490192345]
[4.15579, 4.15579, 1.0, 2.0, 2.356194490192345]
[-2.1274, 4.15579, 1.0, 2.0, 2.356194490192345]
[0.0, 0.0, 1.0, 2.0, 2.748893571891069]
[3.59395, 3.59395, 1.0, 2.0, 2.748893571891069]
[2.51826, 0.0, 1.0, 2.0, 2.748893571891069]
[-2.68923, -2.68923, 1.0, 2.0, 2.748893571891069]
[0.0, 0.0, 1.0, 2.0, 3.141592653589793]
[-3.14159, -3.14159, 1.0, 2.0, 3.141592653589793]
[3.14159, 3.14159, 1.0, 2.0, 3.141592653589793]
[-3.14159, -0.0, 1.0, 2.0, 3.141592653589793]
[3.14159, 0.0, 1.0, 2.0, 3.141592653589793]
[-3.14159, 3.14159, 1.0, 2.0, 3.141592653589793]
[-0.0, 3.14159, 1.0, 1.0, 0.0]
[-3.14159, -3.14159, 1.0, 1.0, 0.0]
[3.14159, 3.14159, 1.0, 1.0, 0.0]
[3.14159, 0.0, 1.0, 1.0, 0.0]
[0.0, -3.14159, 1.0, 1.0, 0.0]
[0.0, 2.68923, 1.0, 1.0, 0.39269908169872414]
[2.51826, 2.51826, 1.0, 1.0, 0.39269908169872414]
[-3.76493, 2.51826, 1.0, 1.0, 0.39269908169872414]
[-2.51826, -0.0, 1.0, 1.0, 0.39269908169872414]
[3.76493, -0.0, 1.0, 1.0, 0.39269908169872414]
[-3.76493, -3.76493, 1.0, 1.0, 0.39269908169872414]
[0.0, 2.1274, 1.0, 1.0, 0.7853981633974483]
[1.81951, 1.81951, 1.0, 1.0, 0.7853981633974483]
[-4.46368, -4.46368, 1.0, 1.0, 0.7853981633974483]
[4.46368, -0.0, 1.0, 1.0, 0.7853981633974483]
[0.0, 1.28134, 1.0, 1.0, 1.1780972450961724]
[0.97871, 0.97871, 1.0, 1.0, 1.1780972450961724]
[-5.30447, 0.97871, 1.0, 1.0, 1.1780972450961724]
[-0.97871, -0.0, 1.0, 1.0, 1.1780972450961724]
[5.30447, -0.0, 1.0, 1.0, 1.1780972450961724]
[0.0, 0.0, 1.0, 1.0, 1.5707963267948966]
[-1e-05, -1e-05, 1.0, 1.0, 1.5707963267948966]
[0.0, 0.0, 1.0, 1.0, 1.9634954084936207]
[0.97871, 0.0, 1.0, 1.0, 1.9634954084936207]
[-0.97871, -0.97871, 1.0, 1.0, 1.9634954084936207]
[-0.97871, 5.30447, 1.0, 1.0, 1.9634954084936207]
[-5.30447, 0.0, 1.0, 1.0, 1.9634954084936207]
[5.30447, 5.30447, 1.0, 1.0, 1.9634954084936207]
[0.0, 0.0, 1.0, 1.0, 2.356194490192345]
[1.81951, -0.0, 1.0, 1.0, 2.356194490192345]
[4.46368, 4.46368, 1.0, 1.0, 2.356194490192345]
[-4.46368, -0.0, 1.0, 1.0, 2.356194490192345]
[0.0, 0.0, 1.0, 1.0, 2.748893571891069]
[-2.51826, 3.76493, 1.0, 1.0, 2.748893571891069]
[3.76493, 3.76493, 1.0, 1.0, 2.748893571891069]
[2.51826, 0.0, 1.0, 1.0, 2.748893571891069]
[0.0, 0.0, 1.0, 1.0, 3.141592653589793]
[-3.14159, -3.14159, 1.0, 1.0, 3.141592653589793]
[3.14159, 3.14159, 1.0, 1.0, 3.141592653589793]
[3.14159, 0.0, 1.0, 1.0, 3.141592653589793]
[0.0, 3.14159, 2.0, 6.0, 0.0]
[-3.14159, 0.0, 2.0, 6.0, 0.0]
[-3.14159, 3.14159, 2.0, 6.0, 0.0]
[3.14159, 0.0, 2.0, 6.0, 0.0]
[3.14159, 3.14159, 2.0, 6.0, 0.0]
[3.14159, -3.14159, 2.0, 6.0, 0.0]
[0.0, 3.76493, 2.0, 6.0, 0.39269908169872414]
[3.416, 3.416, 2.0, 6.0, 0.39269908169872414]
[-2.86719, 3.416, 2.0, 6.0, 0.39269908169872414]
[3.59395, -0.0, 2.0, 6.0, 0.39269908169872414]
[3.416, -2.86719, 2.0, 6.0, 0.39269908169872414]
[-2.68923, -0.0, 2.0, 6.0, 0.39269908169872414]
[-0.0, 4.46368, 2.0, 6.0, 0.7853981633974483]
[3.78509, 3.78509, 2.0, 6.0, 0.7853981633974483]
[4.15579, -0.0, 2.0, 6.0, 0.7853981633974483]
[0.0, -0.97871, 2.0, 6.0, 1.1780972450961724]
[-0.0, 5.30447, 2.0, 6.0, 1.1780972450961724]
[4.49684, 4.49684, 2.0, 6.0, 1.1780972450961724]
[4.49684, -1.78635, 2.0, 6.0, 1.1780972450961724]
[0.0, 0.0, 2.0, 6.0, 1.5707963267948966]
[6e-05, -1e-05, 2.0, 6.0, 1.5707963267948966]
[-0.0, 6.28318, 2.0, 6.0, 1.5707963267948966]
[0.0, 0.0, 2.0, 6.0, 1.9634954084936207]
[-0.0, 0.97871, 2.0, 6.0, 1.9634954084936207]
[1.28134, 0.0, 2.0, 6.0, 1.9634954084936207]
[1.78635, 1.78635, 2.0, 6.0, 1.9634954084936207]
[0.0, 0.0, 2.0, 6.0, 2.356194490192345]
[0.0, 1.81951, 2.0, 6.0, 2.356194490192345]
[2.1274, -0.0, 2.0, 6.0, 2.356194490192345]
[2.49809, 2.49809, 2.0, 6.0, 2.356194490192345]
[0.0, 0.0, 2.0, 6.0, 2.748893571891069]
[-0.0, 2.51826, 2.0, 6.0, 2.748893571891069]
[2.68923, -0.0, 2.0, 6.0, 2.748893571891069]
[2.86719, 2.86719, 2.0, 6.0, 2.748893571891069]
[-0.0, -3.76493, 2.0, 6.0, 2.748893571891069]
[-3.416, 2.86719, 2.0, 6.0, 2.748893571891069]
[0.0, 0.0, 2.0, 6.0, 3.141592653589793]
[-0.0, 3.14159, 2.0, 6.0, 3.141592653589793]
[-3.14159, 0.0, 2.0, 6.0, 3.141592653589793]
[-3.14159, 3.14159, 2.0, 6.0, 3.141592653589793]
[3.14159, 0.0, 2.0, 6.0, 3.141592653589793]
[3.14159, 3.14159, 2.0, 6.0, 3.141592653589793]
[3.14159, -3.14159, 2.0, 6.0, 3.141592653589793]
[0.0, 3.14159, 2.0, 5.0, 0.0]
[3.14159, 3.14159, 2.0, 5.0, 0.0]
[3.14159, 0.0, 2.0, 5.0, 0.0]
[0.0, 3.59395, 2.0, 5.0, 0.39269908169872414]
[0.0, -2.68923, 2.0, 5.0, 0.39269908169872414]
[-3.04961, -3.04961, 2.0, 5.0, 0.39269908169872414]
[3.23358, 3.23358, 2.0, 5.0, 0.39269908169872414]
[3.59395, -0.0, 2.0, 5.0, 0.39269908169872414]
[-2.68923, 0.0, 2.0, 5.0, 0.39269908169872414]
[-0.0, 4.15579, 2.0, 5.0, 0.7853981633974483]
[-2.92028, -2.92028, 2.0, 5.0, 0.7853981633974483]
[3.36291, 3.36291, 2.0, 5.0, 0.7853981633974483]
[4.15579, -0.0, 2.0, 5.0, 0.7853981633974483]
[-2.61744, 3.66575, 2.0, 5.0, 1.1780972450961724]
[-0.0, 5.00185, 2.0, 5.0, 1.1780972450961724]
[-0.0, -1.28134, 2.0, 5.0, 1.1780972450961724]
[3.66575, 3.66575, 2.0, 5.0, 1.1780972450961724]
[3.66575, -2.61744, 2.0, 5.0, 1.1780972450961724]
[0.0, 0.0, 2.0, 5.0, 1.5707963267948966]
[4e-05, 4e-05, 2.0, 5.0, 1.5707963267948966]
[3.14154, 3.14165, 2.0, 5.0, 1.5707963267948966]
[0.0, 0.0, 2.0, 5.0, 1.9634954084936207]
[0.0, 1.28134, 2.0, 5.0, 1.9634954084936207]
[2.61744, 2.61744, 2.0, 5.0, 1.9634954084936207]
[1.28134, -0.0, 2.0, 5.0, 1.9634954084936207]
[-3.66575, -3.66575, 2.0, 5.0, 1.9634954084936207]
[0.0, 0.0, 2.0, 5.0, 2.356194490192345]
[0.0, 2.1274, 2.0, 5.0, 2.356194490192345]
[2.1274, -0.0, 2.0, 5.0, 2.356194490192345]
[2.92028, 2.92028, 2.0, 5.0, 2.356194490192345]
[0.0, 0.0, 2.0, 5.0, 2.748893571891069]
[0.0, 2.68923, 2.0, 5.0, 2.748893571891069]
[-3.23358, 3.04961, 2.0, 5.0, 2.748893571891069]
[3.04961, 3.04961, 2.0, 5.0, 2.748893571891069]
[2.68923, 0.0, 2.0, 5.0, 2.748893571891069]
[3.04961, -3.23358, 2.0, 5.0, 2.748893571891069]
[0.0, 0.0, 2.0, 5.0, 3.141592653589793]
[0.0, 3.14159, 2.0, 5.0, 3.141592653589793]
[3.14159, 3.14159, 2.0, 5.0, 3.141592653589793]
[3.14159, -0.0, 2.0, 5.0, 3.141592653589793]
[0.0, 3.14159, 2.0, 4.0, 0.0]
[3.95435, 2.63623, 2.0, 4.0, 0.0]
[2.32884, 3.64695, 2.0, 4.0, 0.0]
[3.14159, 0.0, 2.0, 4.0, 0.0]
[3.14159, 3.14159, 2.0, 4.0, 0.0]
[-2.32884, 2.63623, 2.0, 4.0, 0.0]
[2.32884, -2.63623, 2.0, 4.0, 0.0]
[-0.0, -2.86719, 2.0, 4.0, 0.39269908169872414]
[-0.0, 3.416, 2.0, 4.0, 0.39269908169872414]
[2.32884, 3.64695, 2.0, 4.0, 0.39269908169872414]
[-2.32884, 2.63623, 2.0, 4.0, 0.39269908169872414]
[3.04961, 3.04961, 2.0, 4.0, 0.39269908169872414]
[3.59395, -0.0, 2.0, 4.0, 0.39269908169872414]
[-2.32884, -3.64695, 2.0, 4.0, 0.39269908169872414]
[3.95435, 2.63623, 2.0, 4.0, 0.39269908169872414]
[-2.68923, 0.0, 2.0, 4.0, 0.39269908169872414]
[-0.0, 3.78509, 2.0, 4.0, 0.7853981633974483]
[2.92028, 2.92028, 2.0, 4.0, 0.7853981633974483]
[2.32884, 3.64695, 2.0, 4.0, 0.7853981633974483]
[4.15579, -0.0, 2.0, 4.0, 0.7853981633974483]
[3.95435, 2.63623, 2.0, 4.0, 0.7853981633974483]
[3.95435, -3.64695, 2.0, 4.0, 0.7853981633974483]
[-0.0, 4.49684, 2.0, 4.0, 1.1780972450961724]
[3.95435, 2.63623, 2.0, 4.0, 1.1780972450961724]
[2.61744, 2.61744, 2.0, 4.0, 1.1780972450961724]
[2.32884, 3.64695, 2.0, 4.0, 1.1780972450961724]
[2.32884, -2.63623, 2.0, 4.0, 1.1780972450961724]
[-3.95435, -2.63623, 2.0, 4.0, 1.1780972450961724]
[-3.66575, -3.66575, 2.0, 4.0, 1.1780972450961724]
[0.0, 0.0, 2.0, 4.0, 1.5707963267948966]
[2.32884, -2.63623, 2.0, 4.0, 1.5707963267948966]
[2.32884, 3.64695, 2.0, 4.0, 1.5707963267948966]
[3.95435, 2.63623, 2.0, 4.0, 1.5707963267948966]
[3.95435, -3.64695, 2.0, 4.0, 1.5707963267948966]
[0.0, -0.0, 2.0, 4.0, 1.9634954084936207]
[-0.0, 1.78635, 2.0, 4.0, 1.9634954084936207]
[1.28134, -0.0, 2.0, 4.0, 1.9634954084936207]
[2.32884, 3.64695, 2.0, 4.0, 1.9634954084936207]
[-3.95435, -2.63623, 2.0, 4.0, 1.9634954084936207]
[3.66575, 3.66575, 2.0, 4.0, 1.9634954084936207]
[0.0, 0.0, 2.0, 4.0, 2.356194490192345]
[0.0, 2.49809, 2.0, 4.0, 2.356194490192345]
[2.32884, -2.63623, 2.0, 4.0, 2.356194490192345]
[0.0, -3.78509, 2.0, 4.0, 2.356194490192345]
[2.32884, 3.64695, 2.0, 4.0, 2.356194490192345]
[2.1274, -0.0, 2.0, 4.0, 2.356194490192345]
[-2.92028, -2.92028, 2.0, 4.0, 2.356194490192345]
[3.36291, 3.36291, 2.0, 4.0, 2.356194490192345]
[0.0, 0.0, 2.0, 4.0, 2.748893571891069]
[-0.0, 2.86719, 2.0, 4.0, 2.748893571891069]
[2.32884, 3.64695, 2.0, 4.0, 2.748893571891069]
[-3.04961, -3.04961, 2.0, 4.0, 2.748893571891069]
[2.68923, -0.0, 2.0, 4.0, 2.748893571891069]
[3.23358, 3.23358, 2.0, 4.0, 2.748893571891069]
[2.32884, -2.63623, 2.0, 4.0, 2.748893571891069]
[-3.95435, -2.63623, 2.0, 4.0, 2.748893571891069]
[0.0, 0.0, 2.0, 4.0, 3.141592653589793]
[0.0, 3.14159, 2.0, 4.0, 3.141592653589793]
[3.14159, 0.0, 2.0, 4.0, 3.141592653589793]
[3.14159, 3.14159, 2.0, 4.0, 3.141592653589793]
[-0.0, 3.14159, 2.0, 3.0, 0.0]
[1.31812, 3.64695, 2.0, 3.0, 0.0]
[4.96507, 2.63623, 2.0, 3.0, 0.0]
[3.14159, 3.14159, 2.0, 3.0, 0.0]
[3.14159, 0.0, 2.0, 3.0, 0.0]
[3.14159, -3.14159, 2.0, 3.0, 0.0]
[-0.0, -3.04961, 2.0, 3.0, 0.39269908169872414]
[0.0, 3.23358, 2.0, 3.0, 0.39269908169872414]
[1.31812, 3.64695, 2.0, 3.0, 0.39269908169872414]
[2.86719, 2.86719, 2.0, 3.0, 0.39269908169872414]
[3.59395, 0.0, 2.0, 3.0, 0.39269908169872414]
[4.96507, 2.63623, 2.0, 3.0, 0.39269908169872414]
[-2.68923, 0.0, 2.0, 3.0, 0.39269908169872414]
[1.31812, -2.63623, 2.0, 3.0, 0.39269908169872414]
[0.0, -2.92028, 2.0, 3.0, 0.7853981633974483]
[0.0, 3.36291, 2.0, 3.0, 0.7853981633974483]
[2.49809, 2.49809, 2.0, 3.0, 0.7853981633974483]
[1.31812, 3.64695, 2.0, 3.0, 0.7853981633974483]
[4.15579, -0.0, 2.0, 3.0, 0.7853981633974483]
[4.96507, 2.63623, 2.0, 3.0, 0.7853981633974483]
[-0.0, 3.66575, 2.0, 3.0, 1.1780972450961724]
[1.78635, 1.78635, 2.0, 3.0, 1.1780972450961724]
[1.31812, 3.64695, 2.0, 3.0, 1.1780972450961724]
[4.96507, 2.63623, 2.0, 3.0, 1.1780972450961724]
[5.00185, -0.0, 2.0, 3.0, 1.1780972450961724]
[1.31812, -2.63623, 2.0, 3.0, 1.1780972450961724]
[4.96507, -3.64695, 2.0, 3.0, 1.1780972450961724]
[0.0, 0.0, 2.0, 3.0, 1.5707963267948966]
[1.31812, 3.64695, 2.0, 3.0, 1.5707963267948966]
[-4.96507, -2.63623, 2.0, 3.0, 1.5707963267948966]
[1.31812, -2.63623, 2.0, 3.0, 1.5707963267948966]
[0.0, 0.0, 2.0, 3.0, 1.9634954084936207]
[0.0, 2.61744, 2.0, 3.0, 1.9634954084936207]
[0.0, -3.66575, 2.0, 3.0, 1.9634954084936207]
[1.28134, -0.0, 2.0, 3.0, 1.9634954084936207]
[1.31812, 3.64695, 2.0, 3.0, 1.9634954084936207]
[4.49684, 4.49684, 2.0, 3.0, 1.9634954084936207]
[-1.78635, -1.78635, 2.0, 3.0, 1.9634954084936207]
[0.0, 0.0, 2.0, 3.0, 2.356194490192345]
[-0.0, 2.92028, 2.0, 3.0, 2.356194490192345]
[1.31812, 3.64695, 2.0, 3.0, 2.356194490192345]
[2.1274, 0.0, 2.0, 3.0, 2.356194490192345]
[3.78509, 3.78509, 2.0, 3.0, 2.356194490192345]
[-4.15579, -0.0, 2.0, 3.0, 2.356194490192345]
[0.0, 0.0, 2.0, 3.0, 2.748893571891069]
[-0.0, 3.04961, 2.0, 3.0, 2.748893571891069]
[-3.59395, -0.0, 2.0, 3.0, 2.748893571891069]
[3.416, 3.416, 2.0, 3.0, 2.748893571891069]
[2.68923, -0.0, 2.0, 3.0, 2.748893571891069]
[0.0, 0.0, 2.0, 3.0, 3.141592653589793]
[0.0, 3.14159, 2.0, 3.0, 3.141592653589793]
[3.14159, 3.14159, 2.0, 3.0, 3.141592653589793]
[3.14159, -0.0, 2.0, 3.0, 3.141592653589793]
[3.14159, -3.14159, 2.0, 3.0, 3.141592653589793]
[0.0, 3.14159, 2.0, 2.0, 0.0]
[3.14159, 3.14159, 2.0, 2.0, 0.0]
[3.14159, 0.0, 2.0, 2.0, 0.0]
[0.0, 3.04961, 2.0, 2.0, 0.39269908169872414]
[2.68923, 2.68923, 2.0, 2.0, 0.39269908169872414]
[3.59395, -0.0, 2.0, 2.0, 0.39269908169872414]
[-2.68923, 0.0, 2.0, 2.0, 0.39269908169872414]
[-0.0, -3.23358, 2.0, 2.0, 0.39269908169872414]
[-3.59395, -3.59395, 2.0, 2.0, 0.39269908169872414]
[0.0, 2.92028, 2.0, 2.0, 0.7853981633974483]
[2.1274, 2.1274, 2.0, 2.0, 0.7853981633974483]
[4.15579, 0.0, 2.0, 2.0, 0.7853981633974483]
[-0.0, 2.61744, 2.0, 2.0, 1.1780972450961724]
[-0.0, -3.66575, 2.0, 2.0, 1.1780972450961724]
[1.28134, 1.28134, 2.0, 2.0, 1.1780972450961724]
[-5.00185, -5.00185, 2.0, 2.0, 1.1780972450961724]
[5.00185, -0.0, 2.0, 2.0, 1.1780972450961724]
[-1.28134, -0.0, 2.0, 2.0, 1.1780972450961724]
[0.0, 0.0, 2.0, 2.0, 1.5707963267948966]
[6.28318, -0.0, 2.0, 2.0, 1.5707963267948966]
[0.0, 0.0, 2.0, 2.0, 1.9634954084936207]
[1.28134, 0.0, 2.0, 2.0, 1.9634954084936207]
[-1.28134, -1.28134, 2.0, 2.0, 1.9634954084936207]
[-1.28134, 5.00185, 2.0, 2.0, 1.9634954084936207]
[-5.00185, 0.0, 2.0, 2.0, 1.9634954084936207]
[5.00185, 5.00185, 2.0, 2.0, 1.9634954084936207]
[0.0, 0.0, 2.0, 2.0, 2.356194490192345]
[2.1274, -0.0, 2.0, 2.0, 2.356194490192345]
[4.15579, 4.15579, 2.0, 2.0, 2.356194490192345]
[-4.15579, 0.0, 2.0, 2.0, 2.356194490192345]
[0.0, 0.0, 2.0, 2.0, 2.748893571891069]
[3.59395, 3.59395, 2.0, 2.0, 2.748893571891069]
[2.68923, -0.0, 2.0, 2.0, 2.748893571891069]
[-2.68923, -2.68923, 2.0, 2.0, 2.748893571891069]
[0.0, 0.0, 2.0, 2.0, 3.141592653589793]
[3.14159, 3.14159, 2.0, 2.0, 3.141592653589793]
[3.14159, 0.0, 2.0, 2.0, 3.141592653589793]
[-0.0, 3.14159, 2.0, 1.0, 0.0]
[3.14159, 3.14159, 2.0, 1.0, 0.0]
[3.14159, 0.0, 2.0, 1.0, 0.0]
[-3.14159, -0.0, 2.0, 1.0, 0.0]
[-0.0, 2.86719, 2.0, 1.0, 0.39269908169872414]
[2.51826, 2.51826, 2.0, 1.0, 0.39269908169872414]
[3.59395, -0.0, 2.0, 1.0, 0.39269908169872414]
[-2.68923, 0.0, 2.0, 1.0, 0.39269908169872414]
[-0.0, 2.49809, 2.0, 1.0, 0.7853981633974483]
[0.0, -3.78509, 2.0, 1.0, 0.7853981633974483]
[1.81951, 1.81951, 2.0, 1.0, 0.7853981633974483]
[-2.1274, -0.0, 2.0, 1.0, 0.7853981633974483]
[4.15579, 0.0, 2.0, 1.0, 0.7853981633974483]
[-4.46368, -4.46368, 2.0, 1.0, 0.7853981633974483]
[0.0, 1.78635, 2.0, 1.0, 1.1780972450961724]
[0.97871, 0.97871, 2.0, 1.0, 1.1780972450961724]
[-5.30447, -5.30447, 2.0, 1.0, 1.1780972450961724]
[5.00185, 0.0, 2.0, 1.0, 1.1780972450961724]
[-1.28134, 0.0, 2.0, 1.0, 1.1780972450961724]
[0.0, 0.0, 2.0, 1.0, 1.5707963267948966]
[-1e-05, -0.0, 2.0, 1.0, 1.5707963267948966]
[0.0, 0.0, 2.0, 1.0, 1.9634954084936207]
[1.28134, -0.0, 2.0, 1.0, 1.9634954084936207]
[-0.97871, -0.97871, 2.0, 1.0, 1.9634954084936207]
[5.30447, 5.30447, 2.0, 1.0, 1.9634954084936207]
[0.0, 0.0, 2.0, 1.0, 2.356194490192345]
[-1.81951, -1.81951, 2.0, 1.0, 2.356194490192345]
[2.1274, -0.0, 2.0, 1.0, 2.356194490192345]
[-4.15579, 0.0, 2.0, 1.0, 2.356194490192345]
[4.46368, 4.46368, 2.0, 1.0, 2.356194490192345]
[-1.81951, 4.46368, 2.0, 1.0, 2.356194490192345]
[0.0, 0.0, 2.0, 1.0, 2.748893571891069]
[2.68923, 0.0, 2.0, 1.0, 2.748893571891069]
[3.76493, 3.76493, 2.0, 1.0, 2.748893571891069]
[-3.59395, 0.0, 2.0, 1.0, 2.748893571891069]
[0.0, 0.0, 2.0, 1.0, 3.141592653589793]
[3.14159, 3.14159, 2.0, 1.0, 3.141592653589793]
[3.14159, -0.0, 2.0, 1.0, 3.141592653589793]
[-3.14159, -0.0, 2.0, 1.0, 3.141592653589793]
[-3.14159, -3.14159, 2.0, 1.0, 3.141592653589793]
[-0.0, 3.14159, 3.0, 5.0, 0.0]
[-3.14159, -0.0, 3.0, 5.0, 0.0]
[-3.14159, 3.14159, 3.0, 5.0, 0.0]
[3.14159, 0.0, 3.0, 5.0, 0.0]
[3.14159, 3.14159, 3.0, 5.0, 0.0]
[3.14159, -3.14159, 3.0, 5.0, 0.0]
[-0.0, 3.76493, 3.0, 5.0, 0.39269908169872414]
[-2.86719, -0.0, 3.0, 5.0, 0.39269908169872414]
[-3.04961, -3.04961, 3.0, 5.0, 0.39269908169872414]
[-3.04961, 3.23358, 3.0, 5.0, 0.39269908169872414]
[3.416, 0.0, 3.0, 5.0, 0.39269908169872414]
[3.23358, 3.23358, 3.0, 5.0, 0.39269908169872414]
[-0.0, 4.46368, 3.0, 5.0, 0.7853981633974483]
[-2.92028, -2.92028, 3.0, 5.0, 0.7853981633974483]
[3.36291, 3.36291, 3.0, 5.0, 0.7853981633974483]
[3.78509, 0.0, 3.0, 5.0, 0.7853981633974483]
[-2.49809, -0.0, 3.0, 5.0, 0.7853981633974483]
[-0.0, -0.97871, 3.0, 5.0, 1.1780972450961724]
[0.0, 5.30447, 3.0, 5.0, 1.1780972450961724]
[-2.61744, -2.61744, 3.0, 5.0, 1.1780972450961724]
[3.66575, 3.66575, 3.0, 5.0, 1.1780972450961724]
[0.0, 0.0, 3.0, 5.0, 1.5707963267948966]
[-0.0, 6.28318, 3.0, 5.0, 1.5707963267948966]
[0.0, 0.0, 3.0, 5.0, 1.9634954084936207]
[-0.0, 0.97871, 3.0, 5.0, 1.9634954084936207]
[1.78635, -0.0, 3.0, 5.0, 1.9634954084936207]
[0.0, 0.0, 3.0, 5.0, 2.356194490192345]
[0.0, 1.81951, 3.0, 5.0, 2.356194490192345]
[2.49809, 0.0, 3.0, 5.0, 2.356194490192345]
[-3.78509, -0.0, 3.0, 5.0, 2.356194490192345]
[0.0, 0.0, 3.0, 5.0, 2.748893571891069]
[0.0, 2.51826, 3.0, 5.0, 2.748893571891069]
[2.86719, 0.0, 3.0, 5.0, 2.748893571891069]
[0.0, 0.0, 3.0, 5.0, 3.141592653589793]
[0.0, 3.14159, 3.0, 5.0, 3.141592653589793]
[-3.14159, -0.0, 3.0, 5.0, 3.141592653589793]
[3.14159, -0.0, 3.0, 5.0, 3.141592653589793]
[-0.0, 3.14159, 3.0, 4.0, 0.0]
[2.63623, 3.95435, 3.0, 4.0, 0.0]
[3.64695, 2.32884, 3.0, 4.0, 0.0]
[3.14159, 0.0, 3.0, 4.0, 0.0]
[3.14159, 3.14159, 3.0, 4.0, 0.0]
[-2.63623, 2.32884, 3.0, 4.0, 0.0]
[2.63623, -2.32884, 3.0, 4.0, 0.0]
[0.0, 3.59395, 3.0, 4.0, 0.39269908169872414]
[0.0, -2.68923, 3.0, 4.0, 0.39269908169872414]
[-2.86719, -0.0, 3.0, 4.0, 0.39269908169872414]
[3.416, -0.0, 3.0, 4.0, 0.39269908169872414]
[3.64695, 2.32884, 3.0, 4.0, 0.39269908169872414]
[3.04961, 3.04961, 3.0, 4.0, 0.39269908169872414]
[2.63623, 3.95435, 3.0, 4.0, 0.39269908169872414]
[2.63623, -2.32884, 3.0, 4.0, 0.39269908169872414]
[-3.64695, -2.32884, 3.0, 4.0, 0.39269908169872414]
[0.0, 4.15579, 3.0, 4.0, 0.7853981633974483]
[2.63623, 3.95435, 3.0, 4.0, 0.7853981633974483]
[-3.64695, 3.95435, 3.0, 4.0, 0.7853981633974483]
[2.92028, 2.92028, 3.0, 4.0, 0.7853981633974483]
[3.78509, 0.0, 3.0, 4.0, 0.7853981633974483]
[3.64695, 2.32884, 3.0, 4.0, 0.7853981633974483]
[-2.63623, 2.32884, 3.0, 4.0, 1.1780972450961724]
[0.0, 5.00185, 3.0, 4.0, 1.1780972450961724]
[0.0, -1.28134, 3.0, 4.0, 1.1780972450961724]
[2.61744, 2.61744, 3.0, 4.0, 1.1780972450961724]
[2.63623, 3.95435, 3.0, 4.0, 1.1780972450961724]
[3.64695, 2.32884, 3.0, 4.0, 1.1780972450961724]
[-3.66575, -3.66575, 3.0, 4.0, 1.1780972450961724]
[-2.63623, -3.95435, 3.0, 4.0, 1.1780972450961724]
[0.0, 0.0, 3.0, 4.0, 1.5707963267948966]
[3.64695, 2.32884, 3.0, 4.0, 1.5707963267948966]
[-3.64695, 3.95435, 3.0, 4.0, 1.5707963267948966]
[2.63623, 3.95435, 3.0, 4.0, 1.5707963267948966]
[-2.63623, 2.32884, 3.0, 4.0, 1.5707963267948966]
[0.0, 0.0, 3.0, 4.0, 1.9634954084936207]
[0.0, 1.28134, 3.0, 4.0, 1.9634954084936207]
[2.63623, 3.95435, 3.0, 4.0, 1.9634954084936207]
[3.66575, 3.66575, 3.0, 4.0, 1.9634954084936207]
[1.78635, 0.0, 3.0, 4.0, 1.9634954084936207]
[-3.64695, -2.32884, 3.0, 4.0, 1.9634954084936207]
[0.0, 0.0, 3.0, 4.0, 2.356194490192345]
[0.0, 2.1274, 3.0, 4.0, 2.356194490192345]
[2.49809, -0.0, 3.0, 4.0, 2.356194490192345]
[-3.78509, 0.0, 3.0, 4.0, 2.356194490192345]
[-2.92028, -2.92028, 3.0, 4.0, 2.356194490192345]
[3.36291, 3.36291, 3.0, 4.0, 2.356194490192345]
[0.0, 0.0, 3.0, 4.0, 2.748893571891069]
[-0.0, 2.68923, 3.0, 4.0, 2.748893571891069]
[-3.04961, -3.04961, 3.0, 4.0, 2.748893571891069]
[2.86719, -0.0, 3.0, 4.0, 2.748893571891069]
[3.23358, 3.23358, 3.0, 4.0, 2.748893571891069]
[0.0, 0.0, 3.0, 4.0, 3.141592653589793]
[0.0, 3.14159, 3.0, 4.0, 3.141592653589793]
[3.14159, 0.0, 3.0, 4.0, 3.141592653589793]
[3.14159, 3.14159, 3.0, 4.0, 3.141592653589793]
[-0.0, 3.14159, 3.0, 3.0, 0.0]
[2.0944, 4.18879, 3.0, 3.0, 0.0]
[3.14159, 0.0, 3.0, 3.0, 0.0]
[3.14159, 3.14159, 3.0, 3.0, 0.0]
[4.18879, 2.0944, 3.0, 3.0, 0.0]
[-3.14159, 3.14159, 3.0, 3.0, 0.0]
[3.14159, -3.14159, 3.0, 3.0, 0.0]
[0.0, -2.86719, 3.0, 3.0, 0.39269908169872414]
[-0.0, 3.416, 3.0, 3.0, 0.39269908169872414]
[-2.86719, 0.0, 3.0, 3.0, 0.39269908169872414]
[2.86719, 2.86719, 3.0, 3.0, 0.39269908169872414]
[2.0944, 4.18879, 3.0, 3.0, 0.39269908169872414]
[3.416, -0.0, 3.0, 3.0, 0.39269908169872414]
[4.18879, 2.0944, 3.0, 3.0, 0.39269908169872414]
[-2.0944, 2.0944, 3.0, 3.0, 0.7853981633974483]
[0.0, 3.78509, 3.0, 3.0, 0.7853981633974483]
[2.0944, 4.18879, 3.0, 3.0, 0.7853981633974483]
[2.49809, 2.49809, 3.0, 3.0, 0.7853981633974483]
[3.78509, 0.0, 3.0, 3.0, 0.7853981633974483]
[2.0944, -2.0944, 3.0, 3.0, 0.7853981633974483]
[4.18879, 2.0944, 3.0, 3.0, 0.7853981633974483]
[-3.78509, 2.49809, 3.0, 3.0, 0.7853981633974483]
[2.49809, -3.78509, 3.0, 3.0, 0.7853981633974483]
[0.0, 4.49684, 3.0, 3.0, 1.1780972450961724]
[1.78635, 1.78635, 3.0, 3.0, 1.1780972450961724]
[4.18879, 2.0944, 3.0, 3.0, 1.1780972450961724]
[2.0944, 4.18879, 3.0, 3.0, 1.1780972450961724]
[-1.78635, -0.0, 3.0, 3.0, 1.1780972450961724]
[4.49684, -0.0, 3.0, 3.0, 1.1780972450961724]
[-0.0, -1.78635, 3.0, 3.0, 1.1780972450961724]
[0.0, 0.0, 3.0, 3.0, 1.5707963267948966]
[2.0944, 4.18879, 3.0, 3.0, 1.5707963267948966]
[4.18879, 2.0944, 3.0, 3.0, 1.5707963267948966]
[0.0, 0.0, 3.0, 3.0, 1.9634954084936207]
[0.0, 1.78635, 3.0, 3.0, 1.9634954084936207]
[2.0944, 4.18879, 3.0, 3.0, 1.9634954084936207]
[1.78635, -0.0, 3.0, 3.0, 1.9634954084936207]
[-4.18879, 4.18879, 3.0, 3.0, 1.9634954084936207]
[4.49684, 4.49684, 3.0, 3.0, 1.9634954084936207]
[0.0, 0.0, 3.0, 3.0, 2.356194490192345]
[-0.0, 2.49809, 3.0, 3.0, 2.356194490192345]
[-2.49809, -2.49809, 3.0, 3.0, 2.356194490192345]
[2.49809, -0.0, 3.0, 3.0, 2.356194490192345]
[3.78509, 3.78509, 3.0, 3.0, 2.356194490192345]
[-3.78509, -0.0, 3.0, 3.0, 2.356194490192345]
[-0.0, -3.78509, 3.0, 3.0, 2.356194490192345]
[0.0, 0.0, 3.0, 3.0, 2.748893571891069]
[0.0, 2.86719, 3.0, 3.0, 2.748893571891069]
[3.416, 3.416, 3.0, 3.0, 2.748893571891069]
[2.86719, -0.0, 3.0, 3.0, 2.748893571891069]
[0.0, 0.0, 3.0, 3.0, 3.141592653589793]
[-0.0, 3.14159, 3.0, 3.0, 3.141592653589793]
[3.14159, 0.0, 3.0, 3.0, 3.141592653589793]
[3.14159, 3.14159, 3.0, 3.0, 3.141592653589793]
[-3.14159, 3.14159, 3.0, 3.0, 3.141592653589793]
[3.14159, -3.14159, 3.0, 3.0, 3.141592653589793]
[0.0, 3.14159, 3.0, 2.0, 0.0]
[1.31812, 3.95435, 3.0, 2.0, 0.0]
[3.14159, 3.14159, 3.0, 2.0, 0.0]
[3.14159, 0.0, 3.0, 2.0, 0.0]
[4.96507, 2.32884, 3.0, 2.0, 0.0]
[1.31812, -2.32884, 3.0, 2.0, 0.0]
[0.0, -3.04961, 3.0, 2.0, 0.39269908169872414]
[0.0, 3.23358, 3.0, 2.0, 0.39269908169872414]
[-3.59395, 2.68923, 3.0, 2.0, 0.39269908169872414]
[1.31812, 3.95435, 3.0, 2.0, 0.39269908169872414]
[-2.86719, 0.0, 3.0, 2.0, 0.39269908169872414]
[2.68923, 2.68923, 3.0, 2.0, 0.39269908169872414]
[4.96507, 2.32884, 3.0, 2.0, 0.39269908169872414]
[3.416, 0.0, 3.0, 2.0, 0.39269908169872414]
[1.31812, -2.32884, 3.0, 2.0, 0.7853981633974483]
[-0.0, 3.36291, 3.0, 2.0, 0.7853981633974483]
[4.96507, 2.32884, 3.0, 2.0, 0.7853981633974483]
[1.31812, 3.95435, 3.0, 2.0, 0.7853981633974483]
[2.1274, 2.1274, 3.0, 2.0, 0.7853981633974483]
[3.78509, 0.0, 3.0, 2.0, 0.7853981633974483]
[-1.31812, 2.32884, 3.0, 2.0, 0.7853981633974483]
[-2.49809, 0.0, 3.0, 2.0, 0.7853981633974483]
[-0.0, 3.66575, 3.0, 2.0, 1.1780972450961724]
[1.28134, 1.28134, 3.0, 2.0, 1.1780972450961724]
[1.31812, -2.32884, 3.0, 2.0, 1.1780972450961724]
[1.31812, 3.95435, 3.0, 2.0, 1.1780972450961724]
[-1.31812, 2.32884, 3.0, 2.0, 1.1780972450961724]
[4.49684, -0.0, 3.0, 2.0, 1.1780972450961724]
[4.96507, 2.32884, 3.0, 2.0, 1.1780972450961724]
[0.0, 0.0, 3.0, 2.0, 1.5707963267948966]
[1.31812, 3.95435, 3.0, 2.0, 1.5707963267948966]
[4.96507, 2.32884, 3.0, 2.0, 1.5707963267948966]
[-4.96507, -2.32884, 3.0, 2.0, 1.5707963267948966]
[1.31812, -2.32884, 3.0, 2.0, 1.5707963267948966]
[0.0, 0.0, 3.0, 2.0, 1.9634954084936207]
[-0.0, 2.61744, 3.0, 2.0, 1.9634954084936207]
[0.0, -3.66575, 3.0, 2.0, 1.9634954084936207]
[1.78635, -0.0, 3.0, 2.0, 1.9634954084936207]
[5.00185, 5.00185, 3.0, 2.0, 1.9634954084936207]
[-1.28134, 5.00185, 3.0, 2.0, 1.9634954084936207]
[0.0, 0.0, 3.0, 2.0, 2.356194490192345]
[-0.0, 2.92028, 3.0, 2.0, 2.356194490192345]
[-3.78509, -0.0, 3.0, 2.0, 2.356194490192345]
[2.49809, -0.0, 3.0, 2.0, 2.356194490192345]
[4.15579, 4.15579, 3.0, 2.0, 2.356194490192345]
[0.0, 0.0, 3.0, 2.0, 2.748893571891069]
[-0.0, 3.04961, 3.0, 2.0, 2.748893571891069]
[2.86719, -0.0, 3.0, 2.0, 2.748893571891069]
[3.59395, 3.59395, 3.0, 2.0, 2.748893571891069]
[-2.68923, -2.68923, 3.0, 2.0, 2.748893571891069]
[0.0, 0.0, 3.0, 2.0, 3.141592653589793]
[-0.0, 3.14159, 3.0, 2.0, 3.141592653589793]
[3.14159, 3.14159, 3.0, 2.0, 3.141592653589793]
[3.14159, -0.0, 3.0, 2.0, 3.141592653589793]
[0.0, 3.14159, 3.0, 1.0, 0.0]
[3.14159, 0.0, 3.0, 1.0, 0.0]
[3.14159, 3.14159, 3.0, 1.0, 0.0]
[0.0, -3.14159, 3.0, 1.0, 0.0]
[-0.0, 3.04961, 3.0, 1.0, 0.39269908169872414]
[2.51826, 2.51826, 3.0, 1.0, 0.39269908169872414]
[-2.86719, 0.0, 3.0, 1.0, 0.39269908169872414]
[3.416, 0.0, 3.0, 1.0, 0.39269908169872414]
[0.0, 2.92028, 3.0, 1.0, 0.7853981633974483]
[1.81951, 1.81951, 3.0, 1.0, 0.7853981633974483]
[3.78509, -0.0, 3.0, 1.0, 0.7853981633974483]
[-0.0, -3.36291, 3.0, 1.0, 0.7853981633974483]
[-0.0, 2.61744, 3.0, 1.0, 1.1780972450961724]
[0.0, -3.66575, 3.0, 1.0, 1.1780972450961724]
[0.97871, 0.97871, 3.0, 1.0, 1.1780972450961724]
[-1.78635, -0.0, 3.0, 1.0, 1.1780972450961724]
[4.49684, -0.0, 3.0, 1.0, 1.1780972450961724]
[-5.30447, -5.30447, 3.0, 1.0, 1.1780972450961724]
[0.97871, -5.30447, 3.0, 1.0, 1.1780972450961724]
[0.0, 0.0, 3.0, 1.0, 1.5707963267948966]
[0.0, 0.0, 3.0, 1.0, 1.9634954084936207]
[1.78635, -0.0, 3.0, 1.0, 1.9634954084936207]
[-0.97871, -0.97871, 3.0, 1.0, 1.9634954084936207]
[5.30447, 5.30447, 3.0, 1.0, 1.9634954084936207]
[0.0, 0.0, 3.0, 1.0, 2.356194490192345]
[2.49809, -0.0, 3.0, 1.0, 2.356194490192345]
[-1.81951, -1.81951, 3.0, 1.0, 2.356194490192345]
[4.46368, 4.46368, 3.0, 1.0, 2.356194490192345]
[-3.78509, -0.0, 3.0, 1.0, 2.356194490192345]
[0.0, 0.0, 3.0, 1.0, 2.748893571891069]
[-3.416, -0.0, 3.0, 1.0, 2.748893571891069]
[2.86719, -0.0, 3.0, 1.0, 2.748893571891069]
[3.76493, 3.76493, 3.0, 1.0, 2.748893571891069]
[0.0, 0.0, 3.0, 1.0, 3.141592653589793]
[3.14159, 0.0, 3.0, 1.0, 3.141592653589793]
[3.14159, 3.14159, 3.0, 1.0, 3.141592653589793]
[-0.0, 3.14159, 4.0, 4.0, 0.0]
[-3.39225, -1.69612, 4.0, 4.0, 0.0]
[3.14159, 0.0, 4.0, 4.0, 0.0]
[3.39225, 1.69612, 4.0, 4.0, 0.0]
[3.14159, 3.14159, 4.0, 4.0, 0.0]
[2.89094, 4.58706, 4.0, 4.0, 0.0]
[-0.0, 3.76493, 4.0, 4.0, 0.39269908169872414]
[-3.04961, -0.0, 4.0, 4.0, 0.39269908169872414]
[-3.23358, -3.23358, 4.0, 4.0, 0.39269908169872414]
[-2.89094, 1.69612, 4.0, 4.0, 0.39269908169872414]
[0.0, -2.51826, 4.0, 4.0, 0.39269908169872414]
[3.23358, -0.0, 4.0, 4.0, 0.39269908169872414]
[3.04961, 3.04961, 4.0, 4.0, 0.39269908169872414]
[2.89094, 4.58706, 4.0, 4.0, 0.39269908169872414]
[3.39225, 1.69612, 4.0, 4.0, 0.39269908169872414]
[-0.0, 4.46368, 4.0, 4.0, 0.7853981633974483]
[-2.92028, 0.0, 4.0, 4.0, 0.7853981633974483]
[-3.36291, -3.36291, 4.0, 4.0, 0.7853981633974483]
[-3.39225, 4.58706, 4.0, 4.0, 0.7853981633974483]
[3.36291, -0.0, 4.0, 4.0, 0.7853981633974483]
[2.92028, 2.92028, 4.0, 4.0, 0.7853981633974483]
[2.89094, 4.58706, 4.0, 4.0, 0.7853981633974483]
[3.39225, 1.69612, 4.0, 4.0, 0.7853981633974483]
[-0.0, -0.97871, 4.0, 4.0, 1.1780972450961724]
[0.0, 5.30447, 4.0, 4.0, 1.1780972450961724]
[2.61744, 2.61744, 4.0, 4.0, 1.1780972450961724]
[3.39225, 1.69612, 4.0, 4.0, 1.1780972450961724]
[2.89094, 4.58706, 4.0, 4.0, 1.1780972450961724]
[3.66575, -0.0, 4.0, 4.0, 1.1780972450961724]
[-3.66575, -3.66575, 4.0, 4.0, 1.1780972450961724]
[2.89094, -1.69612, 4.0, 4.0, 1.1780972450961724]
[0.0, 0.0, 4.0, 4.0, 1.5707963267948966]
[3.39225, 1.69612, 4.0, 4.0, 1.5707963267948966]
[0.0, 0.0, 4.0, 4.0, 1.9634954084936207]
[-0.0, 0.97871, 4.0, 4.0, 1.9634954084936207]
[2.61744, -0.0, 4.0, 4.0, 1.9634954084936207]
[-2.61744, -2.61744, 4.0, 4.0, 1.9634954084936207]
[0.0, -5.30447, 4.0, 4.0, 1.9634954084936207]
[3.66575, 3.66575, 4.0, 4.0, 1.9634954084936207]
[-3.66575, 0.0, 4.0, 4.0, 1.9634954084936207]
[0.0, 0.0, 4.0, 4.0, 2.356194490192345]
[0.0, 1.81951, 4.0, 4.0, 2.356194490192345]
[-3.36291, 0.0, 4.0, 4.0, 2.356194490192345]
[2.92028, -0.0, 4.0, 4.0, 2.356194490192345]
[0.0, 0.0, 4.0, 4.0, 2.748893571891069]
[-0.0, 2.51826, 4.0, 4.0, 2.748893571891069]
[0.0, -3.76493, 4.0, 4.0, 2.748893571891069]
[3.04961, 0.0, 4.0, 4.0, 2.748893571891069]
[0.0, 0.0, 4.0, 4.0, 3.141592653589793]
[0.0, 3.14159, 4.0, 4.0, 3.141592653589793]
[3.14159, -0.0, 4.0, 4.0, 3.141592653589793]
[-0.0, 3.14159, 4.0, 3.0, 0.0]
[2.63623, 4.96507, 4.0, 3.0, 0.0]
[3.64695, 1.31812, 4.0, 3.0, 0.0]
[3.14159, 0.0, 4.0, 3.0, 0.0]
[3.14159, 3.14159, 4.0, 3.0, 0.0]
[-3.14159, 3.14159, 4.0, 3.0, 0.0]
[0.0, 3.59395, 4.0, 3.0, 0.39269908169872414]
[0.0, -2.68923, 4.0, 3.0, 0.39269908169872414]
[-3.04961, -0.0, 4.0, 3.0, 0.39269908169872414]
[2.63623, 4.96507, 4.0, 3.0, 0.39269908169872414]
[-2.63623, 1.31812, 4.0, 3.0, 0.39269908169872414]
[2.86719, 2.86719, 4.0, 3.0, 0.39269908169872414]
[3.23358, 0.0, 4.0, 3.0, 0.39269908169872414]
[3.64695, 1.31812, 4.0, 3.0, 0.39269908169872414]
[-0.0, 4.15579, 4.0, 3.0, 0.7853981633974483]
[-2.92028, 0.0, 4.0, 3.0, 0.7853981633974483]
[2.49809, 2.49809, 4.0, 3.0, 0.7853981633974483]
[2.63623, 4.96507, 4.0, 3.0, 0.7853981633974483]
[3.36291, -0.0, 4.0, 3.0, 0.7853981633974483]
[3.64695, 1.31812, 4.0, 3.0, 0.7853981633974483]
[0.0, 5.00185, 4.0, 3.0, 1.1780972450961724]
[1.78635, 1.78635, 4.0, 3.0, 1.1780972450961724]
[2.63623, 4.96507, 4.0, 3.0, 1.1780972450961724]
[-3.64695, 4.96507, 4.0, 3.0, 1.1780972450961724]
[3.66575, 0.0, 4.0, 3.0, 1.1780972450961724]
[3.64695, 1.31812, 4.0, 3.0, 1.1780972450961724]
[-2.63623, 1.31812, 4.0, 3.0, 1.1780972450961724]
[0.0, 0.0, 4.0, 3.0, 1.5707963267948966]
[2.63623, 4.96507, 4.0, 3.0, 1.5707963267948966]
[-2.63623, 1.31812, 4.0, 3.0, 1.5707963267948966]
[-2.63623, -4.96507, 4.0, 3.0, 1.5707963267948966]
[1e-05, 1e-05, 4.0, 3.0, 1.5707963267948966]
[3.64695, 1.31812, 4.0, 3.0, 1.5707963267948966]
[0.0, 0.0, 4.0, 3.0, 1.9634954084936207]
[0.0, 1.28134, 4.0, 3.0, 1.9634954084936207]
[2.61744, 0.0, 4.0, 3.0, 1.9634954084936207]
[4.49684, 4.49684, 4.0, 3.0, 1.9634954084936207]
[-3.66575, -0.0, 4.0, 3.0, 1.9634954084936207]
[-1.78635, -1.78635, 4.0, 3.0, 1.9634954084936207]
[0.0, 0.0, 4.0, 3.0, 2.356194490192345]
[-0.0, 2.1274, 4.0, 3.0, 2.356194490192345]
[-0.0, -4.15579, 4.0, 3.0, 2.356194490192345]
[2.92028, -0.0, 4.0, 3.0, 2.356194490192345]
[3.78509, 3.78509, 4.0, 3.0, 2.356194490192345]
[0.0, 0.0, 4.0, 3.0, 2.748893571891069]
[0.0, 2.68923, 4.0, 3.0, 2.748893571891069]
[3.04961, -0.0, 4.0, 3.0, 2.748893571891069]
[-0.0, -3.59395, 4.0, 3.0, 2.748893571891069]
[0.0, 0.0, 4.0, 3.0, 3.141592653589793]
[0.0, 3.14159, 4.0, 3.0, 3.141592653589793]
[3.14159, 0.0, 4.0, 3.0, 3.141592653589793]
[0.0, 3.14159, 4.0, 2.0, 0.0]
[3.14159, 3.14159, 4.0, 2.0, 0.0]
[2.32884, 4.96507, 4.0, 2.0, 0.0]
[3.14159, 0.0, 4.0, 2.0, 0.0]
[3.95435, 1.31812, 4.0, 2.0, 0.0]
[-2.32884, 1.31812, 4.0, 2.0, 0.0]
[0.0, -2.86719, 4.0, 2.0, 0.39269908169872414]
[-0.0, 3.416, 4.0, 2.0, 0.39269908169872414]
[-3.04961, -0.0, 4.0, 2.0, 0.39269908169872414]
[2.68923, 2.68923, 4.0, 2.0, 0.39269908169872414]
[2.32884, 4.96507, 4.0, 2.0, 0.39269908169872414]
[3.23358, -0.0, 4.0, 2.0, 0.39269908169872414]
[2.68923, -3.59395, 4.0, 2.0, 0.39269908169872414]
[3.95435, 1.31812, 4.0, 2.0, 0.39269908169872414]
[-0.0, 3.78509, 4.0, 2.0, 0.7853981633974483]
[2.1274, 2.1274, 4.0, 2.0, 0.7853981633974483]
[-2.92028, -0.0, 4.0, 2.0, 0.7853981633974483]
[2.32884, -1.31812, 4.0, 2.0, 0.7853981633974483]
[2.32884, 4.96507, 4.0, 2.0, 0.7853981633974483]
[3.36291, 0.0, 4.0, 2.0, 0.7853981633974483]
[3.95435, 1.31812, 4.0, 2.0, 0.7853981633974483]
[0.0, -2.49809, 4.0, 2.0, 0.7853981633974483]
[0.0, 4.49684, 4.0, 2.0, 1.1780972450961724]
[1.28134, 1.28134, 4.0, 2.0, 1.1780972450961724]
[2.32884, 4.96507, 4.0, 2.0, 1.1780972450961724]
[-2.32884, 1.31812, 4.0, 2.0, 1.1780972450961724]
[3.66575, -0.0, 4.0, 2.0, 1.1780972450961724]
[3.95435, 1.31812, 4.0, 2.0, 1.1780972450961724]
[2.32884, -1.31812, 4.0, 2.0, 1.1780972450961724]
[0.0, 0.0, 4.0, 2.0, 1.5707963267948966]
[2.32884, 4.96507, 4.0, 2.0, 1.5707963267948966]
[-2.32884, 1.31812, 4.0, 2.0, 1.5707963267948966]
[-2.32884, -4.96507, 4.0, 2.0, 1.5707963267948966]
[3e-05, 0.0, 4.0, 2.0, 1.5707963267948966]
[3.95435, 1.31812, 4.0, 2.0, 1.5707963267948966]
[-0.0, -0.0, 4.0, 2.0, 1.9634954084936207]
[0.0, 1.78635, 4.0, 2.0, 1.9634954084936207]
[5.00185, 5.00185, 4.0, 2.0, 1.9634954084936207]
[2.61744, 0.0, 4.0, 2.0, 1.9634954084936207]
[-3.66575, -0.0, 4.0, 2.0, 1.9634954084936207]
[5.00185, -1.28134, 4.0, 2.0, 1.9634954084936207]
[0.0, 0.0, 4.0, 2.0, 2.356194490192345]
[-0.0, 2.49809, 4.0, 2.0, 2.356194490192345]
[4.15579, 4.15579, 4.0, 2.0, 2.356194490192345]
[2.92028, -0.0, 4.0, 2.0, 2.356194490192345]
[-0.0, -3.78509, 4.0, 2.0, 2.356194490192345]
[0.0, 0.0, 4.0, 2.0, 2.748893571891069]
[0.0, 2.86719, 4.0, 2.0, 2.748893571891069]
[3.04961, 0.0, 4.0, 2.0, 2.748893571891069]
[3.59395, 3.59395, 4.0, 2.0, 2.748893571891069]
[-2.68923, -2.68923, 4.0, 2.0, 2.748893571891069]
[0.0, 0.0, 4.0, 2.0, 3.141592653589793]
[-0.0, 3.14159, 4.0, 2.0, 3.141592653589793]
[3.14159, 3.14159, 4.0, 2.0, 3.141592653589793]
[3.14159, -0.0, 4.0, 2.0, 3.141592653589793]
[0.0, 3.14159, 4.0, 1.0, 0.0]
[1.69612, 4.58706, 4.0, 1.0, 0.0]
[3.14159, 0.0, 4.0, 1.0, 0.0]
[3.14159, 3.14159, 4.0, 1.0, 0.0]
[4.58706, 1.69612, 4.0, 1.0, 0.0]
[-3.14159, -3.14159, 4.0, 1.0, 0.0]
[0.0, -3.04961, 4.0, 1.0, 0.39269908169872414]
[0.0, 3.23358, 4.0, 1.0, 0.39269908169872414]
[1.69612, 4.58706, 4.0, 1.0, 0.39269908169872414]
[-3.04961, 0.0, 4.0, 1.0, 0.39269908169872414]
[2.51826, 2.51826, 4.0, 1.0, 0.39269908169872414]
[4.58706, 1.69612, 4.0, 1.0, 0.39269908169872414]
[3.23358, -0.0, 4.0, 1.0, 0.39269908169872414]
[-3.76493, -3.76493, 4.0, 1.0, 0.39269908169872414]
[0.0, -2.92028, 4.0, 1.0, 0.7853981633974483]
[-0.0, 3.36291, 4.0, 1.0, 0.7853981633974483]
[1.81951, 1.81951, 4.0, 1.0, 0.7853981633974483]
[3.36291, -0.0, 4.0, 1.0, 0.7853981633974483]
[1.69612, 4.58706, 4.0, 1.0, 0.7853981633974483]
[-2.92028, -0.0, 4.0, 1.0, 0.7853981633974483]
[1.69612, -1.69612, 4.0, 1.0, 0.7853981633974483]
[4.58706, 1.69612, 4.0, 1.0, 0.7853981633974483]
[-1.69612, 1.69612, 4.0, 1.0, 0.7853981633974483]
[-4.46368, -4.46368, 4.0, 1.0, 0.7853981633974483]
[0.0, 3.66575, 4.0, 1.0, 1.1780972450961724]
[0.0, -2.61744, 4.0, 1.0, 1.1780972450961724]
[1.69612, 4.58706, 4.0, 1.0, 1.1780972450961724]
[-2.61744, 0.0, 4.0, 1.0, 1.1780972450961724]
[3.66575, -0.0, 4.0, 1.0, 1.1780972450961724]
[4.58706, 1.69612, 4.0, 1.0, 1.1780972450961724]
[-1.69612, -4.58706, 4.0, 1.0, 1.1780972450961724]
[-4.58706, -1.69612, 4.0, 1.0, 1.1780972450961724]
[0.0, 0.0, 4.0, 1.0, 1.5707963267948966]
[1.69612, 4.58706, 4.0, 1.0, 1.5707963267948966]
[4.58706, 1.69612, 4.0, 1.0, 1.5707963267948966]
[0.0, 0.0, 4.0, 1.0, 1.9634954084936207]
[0.0, 2.61744, 4.0, 1.0, 1.9634954084936207]
[0.0, -3.66575, 4.0, 1.0, 1.9634954084936207]
[2.61744, -0.0, 4.0, 1.0, 1.9634954084936207]
[-0.97871, -0.97871, 4.0, 1.0, 1.9634954084936207]
[-0.97871, 5.30447, 4.0, 1.0, 1.9634954084936207]
[5.30447, 5.30447, 4.0, 1.0, 1.9634954084936207]
[-3.66575, -0.0, 4.0, 1.0, 1.9634954084936207]
[5.30447, -0.97871, 4.0, 1.0, 1.9634954084936207]
[0.0, 0.0, 4.0, 1.0, 2.356194490192345]
[0.0, 2.92028, 4.0, 1.0, 2.356194490192345]
[-1.81951, -1.81951, 4.0, 1.0, 2.356194490192345]
[2.92028, -0.0, 4.0, 1.0, 2.356194490192345]
[4.46368, 4.46368, 4.0, 1.0, 2.356194490192345]
[0.0, 0.0, 4.0, 1.0, 2.748893571891069]
[-0.0, 3.04961, 4.0, 1.0, 2.748893571891069]
[3.04961, -0.0, 4.0, 1.0, 2.748893571891069]
[3.76493, 3.76493, 4.0, 1.0, 2.748893571891069]
[0.0, 0.0, 4.0, 1.0, 3.141592653589793]
[0.0, 3.14159, 4.0, 1.0, 3.141592653589793]
[3.14159, 0.0, 4.0, 1.0, 3.141592653589793]
[3.14159, 3.14159, 4.0, 1.0, 3.141592653589793]
[-3.14159, -3.14159, 4.0, 1.0, 3.141592653589793]
[-0.0, 3.14159, 5.0, 3.0, 0.0]
[-3.14159, -3.14159, 5.0, 3.0, 0.0]
[-3.14159, 3.14159, 5.0, 3.0, 0.0]
[3.14159, 0.0, 5.0, 3.0, 0.0]
[3.14159, 3.14159, 5.0, 3.0, 0.0]
[-0.0, 3.76493, 5.0, 3.0, 0.39269908169872414]
[3.04961, -0.0, 5.0, 3.0, 0.39269908169872414]
[2.86719, 2.86719, 5.0, 3.0, 0.39269908169872414]
[0.0, 4.46368, 5.0, 3.0, 0.7853981633974483]
[-0.0, -1.81951, 5.0, 3.0, 0.7853981633974483]
[2.49809, 2.49809, 5.0, 3.0, 0.7853981633974483]
[2.92028, -0.0, 5.0, 3.0, 0.7853981633974483]
[-3.36291, -0.0, 5.0, 3.0, 0.7853981633974483]
[-3.78509, -3.78509, 5.0, 3.0, 0.7853981633974483]
[-0.0, -0.97871, 5.0, 3.0, 1.1780972450961724]
[-0.0, 5.30447, 5.0, 3.0, 1.1780972450961724]
[2.61744, -0.0, 5.0, 3.0, 1.1780972450961724]
[1.78635, 1.78635, 5.0, 3.0, 1.1780972450961724]
[-3.66575, 0.0, 5.0, 3.0, 1.1780972450961724]
[0.0, 0.0, 5.0, 3.0, 1.5707963267948966]
[6.28318, -1e-05, 5.0, 3.0, 1.5707963267948966]
[6.28318, 0.0, 5.0, 3.0, 1.5707963267948966]
[0.0, 0.0, 5.0, 3.0, 1.9634954084936207]
[0.0, 0.97871, 5.0, 3.0, 1.9634954084936207]
[0.0, -5.30447, 5.0, 3.0, 1.9634954084936207]
[-1.78635, -1.78635, 5.0, 3.0, 1.9634954084936207]
[4.49684, 4.49684, 5.0, 3.0, 1.9634954084936207]
[3.66575, 0.0, 5.0, 3.0, 1.9634954084936207]
[0.0, 0.0, 5.0, 3.0, 2.356194490192345]
[-0.0, 1.81951, 5.0, 3.0, 2.356194490192345]
[-0.0, -4.46368, 5.0, 3.0, 2.356194490192345]
[-2.92028, 0.0, 5.0, 3.0, 2.356194490192345]
[3.36291, -0.0, 5.0, 3.0, 2.356194490192345]
[3.78509, 3.78509, 5.0, 3.0, 2.356194490192345]
[3.78509, -2.49809, 5.0, 3.0, 2.356194490192345]
[0.0, 0.0, 5.0, 3.0, 2.748893571891069]
[0.0, 2.51826, 5.0, 3.0, 2.748893571891069]
[-3.04961, 0.0, 5.0, 3.0, 2.748893571891069]
[3.23358, -0.0, 5.0, 3.0, 2.748893571891069]
[0.0, 0.0, 5.0, 3.0, 3.141592653589793]
[0.0, 3.14159, 5.0, 3.0, 3.141592653589793]
[3.14159, 0.0, 5.0, 3.0, 3.141592653589793]
[0.0, 3.14159, 5.0, 2.0, 0.0]
[3.14159, 0.0, 5.0, 2.0, 0.0]
[3.14159, 3.14159, 5.0, 2.0, 0.0]
[-0.0, 3.59395, 5.0, 2.0, 0.39269908169872414]
[0.0, -2.68923, 5.0, 2.0, 0.39269908169872414]
[2.68923, 2.68923, 5.0, 2.0, 0.39269908169872414]
[-3.23358, -0.0, 5.0, 2.0, 0.39269908169872414]
[3.04961, 0.0, 5.0, 2.0, 0.39269908169872414]
[-3.59395, -3.59395, 5.0, 2.0, 0.39269908169872414]
[0.0, 4.15579, 5.0, 2.0, 0.7853981633974483]
[2.1274, 2.1274, 5.0, 2.0, 0.7853981633974483]
[2.92028, 0.0, 5.0, 2.0, 0.7853981633974483]
[0.0, 5.00185, 5.0, 2.0, 1.1780972450961724]
[2.61744, -0.0, 5.0, 2.0, 1.1780972450961724]
[-3.66575, -0.0, 5.0, 2.0, 1.1780972450961724]
[-0.0, -1.28134, 5.0, 2.0, 1.1780972450961724]
[0.0, 0.0, 5.0, 2.0, 1.5707963267948966]
[0.0, 0.0, 5.0, 2.0, 1.9634954084936207]
[0.0, 1.28134, 5.0, 2.0, 1.9634954084936207]
[0.0, -5.00185, 5.0, 2.0, 1.9634954084936207]
[-1.28134, -1.28134, 5.0, 2.0, 1.9634954084936207]
[3.66575, -0.0, 5.0, 2.0, 1.9634954084936207]
[5.00185, 5.00185, 5.0, 2.0, 1.9634954084936207]
[5.00185, -1.28134, 5.0, 2.0, 1.9634954084936207]
[0.0, 0.0, 5.0, 2.0, 2.356194490192345]
[0.0, 2.1274, 5.0, 2.0, 2.356194490192345]
[-2.92028, 0.0, 5.0, 2.0, 2.356194490192345]
[0.0, -4.15579, 5.0, 2.0, 2.356194490192345]
[3.36291, -0.0, 5.0, 2.0, 2.356194490192345]
[4.15579, 4.15579, 5.0, 2.0, 2.356194490192345]
[0.0, 0.0, 5.0, 2.0, 2.748893571891069]
[-0.0, 2.68923, 5.0, 2.0, 2.748893571891069]
[-3.04961, -0.0, 5.0, 2.0, 2.748893571891069]
[3.23358, 0.0, 5.0, 2.0, 2.748893571891069]
[0.0, 0.0, 5.0, 2.0, 3.141592653589793]
[0.0, 3.14159, 5.0, 2.0, 3.141592653589793]
[3.14159, 0.0, 5.0, 2.0, 3.141592653589793]
[-0.0, 3.14159, 5.0, 1.0, 0.0]
[3.14159, 0.0, 5.0, 1.0, 0.0]
[3.14159, 3.14159, 5.0, 1.0, 0.0]
[-3.14159, 0.0, 5.0, 1.0, 0.0]
[0.0, -2.86719, 5.0, 1.0, 0.39269908169872414]
[0.0, 3.416, 5.0, 1.0, 0.39269908169872414]
[2.51826, 2.51826, 5.0, 1.0, 0.39269908169872414]
[3.04961, 0.0, 5.0, 1.0, 0.39269908169872414]
[-0.0, 3.78509, 5.0, 1.0, 0.7853981633974483]
[1.81951, 1.81951, 5.0, 1.0, 0.7853981633974483]
[-3.36291, -0.0, 5.0, 1.0, 0.7853981633974483]
[2.92028, 0.0, 5.0, 1.0, 0.7853981633974483]
[-0.0, 4.49684, 5.0, 1.0, 1.1780972450961724]
[-0.0, -1.78635, 5.0, 1.0, 1.1780972450961724]
[0.0, 0.0, 5.0, 1.0, 1.5707963267948966]
[0.0, 0.0, 5.0, 1.0, 1.9634954084936207]
[-0.0, 1.78635, 5.0, 1.0, 1.9634954084936207]
[-2.61744, 0.0, 5.0, 1.0, 1.9634954084936207]
[-0.97871, -0.97871, 5.0, 1.0, 1.9634954084936207]
[3.66575, 0.0, 5.0, 1.0, 1.9634954084936207]
[5.30447, 5.30447, 5.0, 1.0, 1.9634954084936207]
[0.0, 0.0, 5.0, 1.0, 2.356194490192345]
[0.0, 2.49809, 5.0, 1.0, 2.356194490192345]
[-0.0, -3.78509, 5.0, 1.0, 2.356194490192345]
[3.36291, -0.0, 5.0, 1.0, 2.356194490192345]
[-2.92028, 0.0, 5.0, 1.0, 2.356194490192345]
[-1.81951, -1.81951, 5.0, 1.0, 2.356194490192345]
[4.46368, 4.46368, 5.0, 1.0, 2.356194490192345]
[0.0, 0.0, 5.0, 1.0, 2.748893571891069]
[-0.0, 2.86719, 5.0, 1.0, 2.748893571891069]
[-3.04961, -0.0, 5.0, 1.0, 2.748893571891069]
[3.76493, 3.76493, 5.0, 1.0, 2.748893571891069]
[3.23358, -0.0, 5.0, 1.0, 2.748893571891069]
[-0.0, -3.416, 5.0, 1.0, 2.748893571891069]
[0.0, 0.0, 5.0, 1.0, 3.141592653589793]
[0.0, 3.14159, 5.0, 1.0, 3.141592653589793]
[3.14159, -0.0, 5.0, 1.0, 3.141592653589793]
[-3.14159, -0.0, 5.0, 1.0, 3.141592653589793]
[-0.0, -3.14159, 6.0, 2.0, 0.0]
[-0.0, 3.14159, 6.0, 2.0, 0.0]
[-3.14159, -3.14159, 6.0, 2.0, 0.0]
[-3.14159, -0.0, 6.0, 2.0, 0.0]
[3.14159, 0.0, 6.0, 2.0, 0.0]
[3.14159, 3.14159, 6.0, 2.0, 0.0]
[3.14159, -3.14159, 6.0, 2.0, 0.0]
[-0.0, 3.76493, 6.0, 2.0, 0.39269908169872414]
[2.86719, 0.0, 6.0, 2.0, 0.39269908169872414]
[2.68923, 2.68923, 6.0, 2.0, 0.39269908169872414]
[-0.0, -2.51826, 6.0, 2.0, 0.39269908169872414]
[-3.416, 0.0, 6.0, 2.0, 0.39269908169872414]
[-0.0, 4.46368, 6.0, 2.0, 0.7853981633974483]
[2.1274, 2.1274, 6.0, 2.0, 0.7853981633974483]
[2.49809, -0.0, 6.0, 2.0, 0.7853981633974483]
[-4.15579, 2.1274, 6.0, 2.0, 0.7853981633974483]
[-0.0, -1.81951, 6.0, 2.0, 0.7853981633974483]
[-0.0, -0.97871, 6.0, 2.0, 1.1780972450961724]
[0.0, 5.30447, 6.0, 2.0, 1.1780972450961724]
[0.0, 0.0, 6.0, 2.0, 1.5707963267948966]
[0.0, 6.28318, 6.0, 2.0, 1.5707963267948966]
[6.28318, -0.0, 6.0, 2.0, 1.5707963267948966]
[0.0, 0.0, 6.0, 2.0, 1.9634954084936207]
[-0.0, 0.97871, 6.0, 2.0, 1.9634954084936207]
[-1.28134, -1.28134, 6.0, 2.0, 1.9634954084936207]
[0.0, -5.30447, 6.0, 2.0, 1.9634954084936207]
[4.49684, -0.0, 6.0, 2.0, 1.9634954084936207]
[5.00185, 5.00185, 6.0, 2.0, 1.9634954084936207]
[0.0, 0.0, 6.0, 2.0, 2.356194490192345]
[0.0, 1.81951, 6.0, 2.0, 2.356194490192345]
[0.0, -4.46368, 6.0, 2.0, 2.356194490192345]
[3.78509, 0.0, 6.0, 2.0, 2.356194490192345]
[4.15579, 4.15579, 6.0, 2.0, 2.356194490192345]
[4.15579, -2.1274, 6.0, 2.0, 2.356194490192345]
[0.0, 0.0, 6.0, 2.0, 2.748893571891069]
[0.0, 2.51826, 6.0, 2.0, 2.748893571891069]
[-2.86719, -0.0, 6.0, 2.0, 2.748893571891069]
[3.416, -0.0, 6.0, 2.0, 2.748893571891069]
[0.0, 0.0, 6.0, 2.0, 3.141592653589793]
[-0.0, -3.14159, 6.0, 2.0, 3.141592653589793]
[-0.0, 3.14159, 6.0, 2.0, 3.141592653589793]
[-3.14159, 0.0, 6.0, 2.0, 3.141592653589793]
[3.14159, 0.0, 6.0, 2.0, 3.141592653589793]
[-0.0, 3.14159, 6.0, 1.0, 0.0]
[3.14159, 0.0, 6.0, 1.0, 0.0]
[3.14159, 3.14159, 6.0, 1.0, 0.0]
[-0.0, -3.14159, 6.0, 1.0, 0.0]
[-0.0, 3.59395, 6.0, 1.0, 0.39269908169872414]
[-0.0, -2.68923, 6.0, 1.0, 0.39269908169872414]
[2.51826, 2.51826, 6.0, 1.0, 0.39269908169872414]
[2.86719, -0.0, 6.0, 1.0, 0.39269908169872414]
[-0.0, 4.15579, 6.0, 1.0, 0.7853981633974483]
[1.81951, 1.81951, 6.0, 1.0, 0.7853981633974483]
[2.49809, 0.0, 6.0, 1.0, 0.7853981633974483]
[0.0, -2.1274, 6.0, 1.0, 0.7853981633974483]
[-4.46368, -4.46368, 6.0, 1.0, 0.7853981633974483]
[-3.78509, 0.0, 6.0, 1.0, 0.7853981633974483]
[0.0, 5.00185, 6.0, 1.0, 1.1780972450961724]
[0.0, -1.28134, 6.0, 1.0, 1.1780972450961724]
[0.0, 0.0, 6.0, 1.0, 1.5707963267948966]
[0.0, 0.0, 6.0, 1.0, 1.9634954084936207]
[-0.0, 1.28134, 6.0, 1.0, 1.9634954084936207]
[-0.97871, -0.97871, 6.0, 1.0, 1.9634954084936207]
[4.49684, -0.0, 6.0, 1.0, 1.9634954084936207]
[5.30447, 5.30447, 6.0, 1.0, 1.9634954084936207]
[0.0, 0.0, 6.0, 1.0, 2.356194490192345]
[0.0, 2.1274, 6.0, 1.0, 2.356194490192345]
[0.0, -4.15579, 6.0, 1.0, 2.356194490192345]
[-1.81951, -1.81951, 6.0, 1.0, 2.356194490192345]
[3.78509, 0.0, 6.0, 1.0, 2.356194490192345]
[4.46368, 4.46368, 6.0, 1.0, 2.356194490192345]
[4.46368, -1.81951, 6.0, 1.0, 2.356194490192345]
[0.0, 0.0, 6.0, 1.0, 2.748893571891069]
[0.0, 2.68923, 6.0, 1.0, 2.748893571891069]
[-2.86719, 0.0, 6.0, 1.0, 2.748893571891069]
[0.0, -3.59395, 6.0, 1.0, 2.748893571891069]
[3.416, -0.0, 6.0, 1.0, 2.748893571891069]
[0.0, 0.0, 6.0, 1.0, 3.141592653589793]
[-0.0, 3.14159, 6.0, 1.0, 3.141592653589793]
[3.14159, 0.0, 6.0, 1.0, 3.141592653589793]
[-0.0, -3.14159, 6.0, 1.0, 3.141592653589793]
[-0.0, 3.14159, 7.0, 1.0, 0.0]
[-3.14159, -3.14159, 7.0, 1.0, 0.0]
[-3.14159, -0.0, 7.0, 1.0, 0.0]
[3.14159, 0.0, 7.0, 1.0, 0.0]
[3.14159, 3.14159, 7.0, 1.0, 0.0]
[-0.0, 3.76493, 7.0, 1.0, 0.39269908169872414]
[2.51826, 2.51826, 7.0, 1.0, 0.39269908169872414]
[2.68923, 0.0, 7.0, 1.0, 0.39269908169872414]
[2.51826, -3.76493, 7.0, 1.0, 0.39269908169872414]
[-0.0, -2.51826, 7.0, 1.0, 0.39269908169872414]
[-3.76493, -3.76493, 7.0, 1.0, 0.39269908169872414]
[0.0, 4.46368, 7.0, 1.0, 0.7853981633974483]
[-0.0, -0.97871, 7.0, 1.0, 1.1780972450961724]
[0.0, 5.30447, 7.0, 1.0, 1.1780972450961724]
[0.0, 0.0, 7.0, 1.0, 1.5707963267948966]
[-1e-05, -1e-05, 7.0, 1.0, 1.5707963267948966]
[0.0, 0.0, 7.0, 1.0, 1.9634954084936207]
[0.0, 0.97871, 7.0, 1.0, 1.9634954084936207]
[-0.97871, -0.97871, 7.0, 1.0, 1.9634954084936207]
[-1.28134, 0.0, 7.0, 1.0, 1.9634954084936207]
[5.00185, 0.0, 7.0, 1.0, 1.9634954084936207]
[5.30447, -0.97871, 7.0, 1.0, 1.9634954084936207]
[0.0, -5.30447, 7.0, 1.0, 1.9634954084936207]
[5.30447, 5.30447, 7.0, 1.0, 1.9634954084936207]
[0.0, 0.0, 7.0, 1.0, 2.356194490192345]
[-0.0, 1.81951, 7.0, 1.0, 2.356194490192345]
[-0.0, -4.46368, 7.0, 1.0, 2.356194490192345]
[4.15579, 0.0, 7.0, 1.0, 2.356194490192345]
[4.46368, 4.46368, 7.0, 1.0, 2.356194490192345]
[0.0, 0.0, 7.0, 1.0, 2.748893571891069]
[-0.0, 2.51826, 7.0, 1.0, 2.748893571891069]
[3.59395, 0.0, 7.0, 1.0, 2.748893571891069]
[-2.68923, -0.0, 7.0, 1.0, 2.748893571891069]
[0.0, 0.0, 7.0, 1.0, 3.141592653589793]
[0.0, 3.14159, 7.0, 1.0, 3.141592653589793]
[-3.14159, 0.0, 7.0, 1.0, 3.141592653589793]
[3.14159, 0.0, 7.0, 1.0, 3.141592653589793]
