[0.0, 0.0, 1, 1, 0.0]
[0.0, 3.14159, 1, 1, 0.0]
[2.0944, 4.18879, 1, 1, 0.0]
[3.14159, 0.0, 1, 1, 0.0]
[3.14159, 3.14159, 1, 1, 0.0]
[4.18879, 2.0944, 1, 1, 0.0]
[-3.14159, 3.14159, 1, 1, 0.0]
[3.14159, -3.14159, 1, 1, 0.0]
[0.0, 0.0, 1, 1, 1.5707958267948965]
[0.0, 6.28318, 1, 1, 1.5707958267948965]
[2.0944, 4.18879, 1, 1, 1.5707958267948965]
[4.18879, 2.0944, 1, 1, 1.5707958267948965]
[6.28318, -0.0, 1, 1, 1.5707958267948965]
[0.0, 0.0, 1, 1, 3.141591653589793]
[0.0, 3.14159, 1, 1, 3.141591653589793]
[2.0944, 4.18879, 1, 1, 3.141591653589793]
[3.14159, 0.0, 1, 1, 3.141591653589793]
[3.14159, 3.14159, 1, 1, 3.141591653589793]
[4.18879, 2.0944, 1, 1, 3.141591653589793]
[-3.14159, 3.14159, 1, 1, 3.141591653589793]
[3.14159, -3.14159, 1, 1, 3.141591653589793]
